;massa A;
t;x;
13,528;0,101
13,561;
13,595;
13,628;
13,662;9,807E-2
13,695;
13,729;
13,762;
13,796;9,428E-2
13,829;
13,863;
13,896;
13,930;9,033E-2
13,963;
13,997;
14,030;
14,064;8,632E-2
14,097;
14,131;
14,164;
14,198;8,237E-2
14,231;
14,264;
14,298;
14,331;7,845E-2
14,365;
14,398;
14,432;
14,465;7,415E-2
14,499;
14,532;
14,566;
14,599;6,999E-2
14,633;
14,666;
14,700;
14,733;6,571E-2
14,767;
14,800;
14,834;
14,867;6,134E-2
14,901;
14,934;
14,968;
15,001;5,675E-2
15,035;
15,068;
15,102;
15,135;5,254E-2
15,169;
15,202;
15,236;
15,269;4,778E-2
15,303;
15,336;
15,369;
15,403;4,331E-2
15,436;
15,470;
15,503;
15,537;3,898E-2
15,570;
15,604;
15,637;
15,671;3,433E-2
15,704;
15,738;
15,771;
15,805;2,969E-2
15,838;
15,872;
15,905;
15,939;2,511E-2
15,972;
16,006;
16,039;
16,073;2,007E-2
16,106;
16,140;
16,173;
16,207;1,610E-2
16,240;
16,274;
16,307;
16,341;1,068E-2
16,374;
16,408;
16,441;
16,474;5,230E-3
16,508;
16,541;
16,575;
16,608;5,623E-4
16,642;
16,675;
16,709;
16,742;-3,910E-3
16,776;
16,809;
16,843;
16,876;-8,440E-3
16,910;
16,943;
16,977;
17,010;-1,280E-2
17,044;
17,077;
17,111;
17,144;-1,766E-2
17,178;
17,211;
17,245;
17,278;-2,163E-2
17,312;
17,345;
17,379;
17,412;-2,724E-2
17,446;
17,479;
17,513;
17,546;-3,155E-2
17,579;
17,613;
17,646;
17,680;-3,575E-2
17,713;
17,747;
17,780;
17,814;-4,030E-2
17,847;
17,881;
17,914;
17,948;-4,436E-2
17,981;
18,015;
18,048;
18,082;-4,845E-2
18,115;
18,149;
18,182;
18,216;-5,331E-2
18,249;
18,283;
18,316;
18,350;-5,696E-2
18,383;
18,417;
18,450;
18,484;-6,063E-2
18,517;
18,551;
18,584;
18,618;-6,486E-2
18,651;
18,684;
18,718;
18,751;-6,818E-2
18,785;
18,818;
18,852;
18,885;-7,292E-2
18,919;
18,952;
18,986;
19,019;-7,626E-2
19,053;
19,086;
19,120;
19,153;-7,935E-2
19,187;
19,220;
19,254;
19,287;-8,310E-2
19,321;
19,354;
19,388;
19,421;-8,619E-2
19,455;
19,488;
19,522;
19,555;-9,010E-2
19,589;
19,622;
19,656;
19,689;-9,280E-2
19,723;
19,756;
19,789;
19,823;-9,491E-2
19,856;
19,890;
19,923;
19,957;-9,890E-2
19,990;
20,024;
20,057;
20,091;-0,101
20,124;
20,158;
20,191;
20,225;-0,103
20,258;
20,292;
20,325;
20,359;-0,106
20,392;
20,426;
20,459;
20,493;-0,108
20,526;
20,560;
20,593;
20,627;-0,110
20,660;
20,694;
20,727;
20,761;-0,113
20,794;
20,828;
20,861;
20,894;-0,114
20,928;
20,961;
20,995;
21,028;-0,116
21,062;
21,095;
21,129;
21,162;-0,117
21,196;
21,229;
21,263;
21,296;-0,118
21,330;
21,363;
21,397;
21,430;-0,124
21,464;
21,497;
21,531;
21,564;-0,125
21,598;
21,631;
21,665;
21,698;-0,125
21,732;
21,765;
21,799;
21,832;-0,126
21,866;
21,899;
21,933;
21,966;-0,127
21,999;
22,033;
22,066;
22,100;-0,127
22,133;
22,167;
22,200;
22,234;-0,127
22,267;
22,301;
22,334;
22,368;-0,128
22,401;
22,435;
22,468;
22,502;-0,126
22,535;
22,569;
22,602;
22,636;-0,126
22,669;
22,703;
22,736;
22,770;-0,125
22,803;
22,837;
22,870;
22,904;-0,125
22,937;
22,971;
23,004;
23,037;-0,124
23,071;
23,104;
23,138;
23,171;-0,125
23,205;
23,238;
23,272;
23,305;-0,124
23,339;
23,372;
23,406;
23,439;-0,123
23,473;
23,506;
23,540;
23,573;-0,118
23,607;
23,640;
23,674;
23,707;-0,117
23,741;
23,774;
23,808;
23,841;-0,117
23,875;
23,908;
23,942;
23,975;-0,116
24,009;
24,042;
24,076;
24,109;-0,114
24,142;
24,176;
24,209;
24,243;-0,112
24,276;
24,310;
24,343;
24,377;-0,110
24,410;
24,444;
24,477;
24,511;-0,107
24,544;
24,578;
24,611;
24,645;-0,105
24,678;
24,712;
24,745;
24,779;-0,101
24,812;
24,846;
24,879;
24,913;-9,946E-2
24,946;
24,980;
25,013;
25,047;-9,602E-2
25,080;
25,114;
25,147;
25,181;-9,360E-2
25,214;
25,247;
25,281;
25,314;-8,995E-2
25,348;
25,381;
25,415;
25,448;-8,610E-2
25,482;
25,515;
25,549;
25,582;-8,215E-2
25,616;
25,649;
25,683;
25,716;-7,921E-2
25,750;
25,783;
25,817;
25,850;-7,345E-2
25,884;
25,917;
25,951;
25,984;-7,199E-2
26,018;
26,051;
26,085;
26,118;-6,748E-2
26,152;
26,185;
26,219;
26,252;-6,441E-2
26,286;
26,319;
26,352;
26,386;-5,944E-2
26,419;
26,453;
26,486;
26,520;-5,638E-2
26,553;
26,587;
26,620;
26,654;-5,202E-2
26,687;
26,721;
26,754;
26,788;-4,719E-2
26,821;
26,855;
26,888;
26,922;-4,321E-2
26,955;
26,989;
27,022;
27,056;-3,807E-2
27,089;
27,123;
27,156;
27,190;-3,490E-2
27,223;
27,257;
27,290;
27,324;-3,058E-2
27,357;
27,391;
27,424;
27,457;-2,497E-2
27,491;
27,524;
27,558;
27,591;-1,868E-2
27,625;
27,658;
27,692;
27,725;-1,619E-2
27,759;
27,792;
27,826;
27,859;-1,041E-2
27,893;
27,926;
27,960;
27,993;-7,246E-3
28,027;
28,060;
28,094;
28,127;-2,371E-3
28,161;
28,194;
28,228;
28,261;2,271E-3
28,295;
28,328;
28,362;
28,395;8,076E-3
28,429;
28,462;
28,496;
28,529;1,501E-2
28,562;
28,596;
28,629;
28,663;1,895E-2
28,696;
28,730;
28,763;
28,797;2,123E-2
28,830;
28,864;
28,897;
28,931;2,604E-2
28,964;
28,998;
29,031;
29,065;3,163E-2
29,098;
29,132;
29,165;
29,199;3,640E-2
29,232;
29,266;
29,299;
29,333;3,922E-2
29,366;
29,400;
29,433;
29,467;4,339E-2
29,500;
29,534;
29,567;
29,601;4,789E-2
29,634;
29,667;
29,701;
29,734;5,252E-2
29,768;
29,801;
29,835;
29,868;5,686E-2
29,902;
29,935;
29,969;
30,002;6,074E-2
30,036;
30,069;
30,103;
30,136;6,523E-2
30,170;
30,203;
30,237;
30,270;6,898E-2
30,304;
30,337;
30,371;
30,404;7,292E-2
30,438;
30,471;
30,505;
30,538;7,721E-2
30,572;
30,605;
30,639;
30,672;8,088E-2
30,706;
30,739;
30,772;
30,806;8,476E-2
30,839;
30,873;
30,906;
30,940;8,835E-2
30,973;
31,007;
31,040;
31,074;9,205E-2
31,107;
31,141;
31,174;
31,208;9,566E-2
31,241;
31,275;
31,308;
31,342;9,897E-2
31,375;
31,409;
31,442;
31,476;0,102
31,509;
31,543;
31,576;
31,610;0,105
31,643;
31,677;
31,710;
31,744;0,108
31,777;
31,810;
31,844;
31,877;0,112
31,911;
31,944;
31,978;
32,011;0,115
32,045;
32,078;
32,112;
32,145;0,117
32,179;
32,212;
32,246;
32,279;0,120
32,313;
32,346;
32,380;
32,413;0,121
32,447;
32,480;
32,514;
32,547;0,123
32,581;
32,614;
32,648;
32,681;0,126
32,715;
32,748;
32,782;
32,815;0,127
32,849;
32,882;
32,915;
32,949;0,129
32,982;
33,016;
33,049;
33,083;0,131
33,116;
33,150;
33,183;
33,217;0,132
33,250;
33,284;
33,317;
33,351;0,133
33,384;
33,418;
33,451;
33,485;0,134
33,518;
33,552;
33,585;
33,619;0,136
33,652;
33,686;
33,719;
33,753;0,136
33,786;
33,820;
33,853;
33,887;0,137
33,920;
33,954;
33,987;
34,020;0,137
34,054;
34,087;
34,121;
34,154;0,138
34,188;
34,221;
34,255;
34,288;0,138
34,322;
34,355;
34,389;
34,422;0,138
34,456;
34,489;
34,523;
34,556;0,138
34,590;
34,623;
34,657;
34,690;0,138
34,724;
34,757;
34,791;
34,824;0,137
34,858;
34,891;
34,925;
34,958;0,137
34,992;
35,025;
35,059;
35,092;0,136
35,125;
35,159;
35,192;
35,226;0,134
35,259;
35,293;
35,326;
35,360;0,133
35,393;
35,427;
35,460;
35,494;0,133
35,527;
35,561;
35,594;
35,628;0,131
35,661;
35,695;
35,728;
35,762;0,129
35,795;
35,829;
35,862;
35,896;0,127
35,929;
35,963;
35,996;
36,030;0,125
36,063;
36,097;
36,130;
36,164;0,123
36,197;
36,230;
36,264;
36,297;0,121
36,331;
36,364;
36,398;
36,431;0,120
36,465;
36,498;
36,532;
36,565;0,118
36,599;
36,632;
36,666;
36,699;0,114
36,733;
36,766;
36,800;
36,833;0,111
36,867;
36,900;
36,934;
36,967;0,108
37,001;
37,034;
37,068;
37,101;0,105
37,135;
37,168;
37,202;
37,235;0,102
37,269;
37,302;
37,335;
37,369;9,807E-2
37,402;
37,436;
37,469;
37,503;9,435E-2
37,536;
37,570;
37,603;
37,637;9,049E-2
37,670;
37,704;
37,737;
37,771;8,640E-2
37,804;
37,838;
37,871;
37,905;8,223E-2
37,938;
37,972;
38,005;
38,039;7,869E-2
38,072;
38,106;
38,139;
38,173;7,422E-2
38,206;
38,240;
38,273;
38,307;7,016E-2
38,340;
38,374;
38,407;
38,440;6,588E-2
38,474;
38,507;
38,541;
38,574;6,107E-2
38,608;
38,641;
38,675;
38,708;5,671E-2
38,742;
38,775;
38,809;
38,842;5,201E-2
38,876;
38,909;
38,943;
38,976;4,759E-2
39,010;
39,043;
39,077;
39,110;4,331E-2
39,144;
39,177;
39,211;
39,244;3,865E-2
39,278;
39,311;
39,345;
39,378;3,505E-2
39,412;
39,445;
39,479;
39,512;3,107E-2
39,545;
39,579;
39,612;
39,646;2,574E-2
39,679;
39,713;
39,746;
39,780;2,094E-2
39,813;
39,847;
39,880;
39,914;1,615E-2
39,947;
39,981;
40,014;
40,048;1,120E-2
40,081;
40,115;
40,148;
40,182;7,202E-3
40,215;
40,249;
40,282;
40,316;1,515E-3
40,349;
40,383;
40,416;
40,450;-3,048E-3
40,483;
40,517;
40,550;
40,583;-7,027E-3
40,617;
40,650;
40,684;
40,717;-1,169E-2
40,751;
40,784;
40,818;
40,851;-1,688E-2
40,885;
40,918;
40,952;
40,985;-2,157E-2
41,019;
41,052;
41,086;
41,119;-2,612E-2
41,153;
41,186;
41,220;
41,253;-3,112E-2
41,287;
41,320;
41,354;
41,387;-3,582E-2
41,421;
41,454;
41,488;
41,521;-3,866E-2
41,555;
41,588;
41,622;
41,655;-4,333E-2
41,688;
41,722;
41,755;
41,789;-4,940E-2
41,822;
41,856;
41,889;
41,923;-5,191E-2
41,956;
41,990;
42,023;
42,057;-5,698E-2
42,090;
42,124;
42,157;
42,191;-6,113E-2
42,224;
42,258;
42,291;
42,325;-6,399E-2
42,358;
42,392;
42,425;
42,459;-6,878E-2
42,492;
42,526;
42,559;
42,593;-7,240E-2
42,626;
42,660;
42,693;
42,727;-7,665E-2
42,760;
42,793;
42,827;
42,860;-8,018E-2
42,894;
42,927;
42,961;
42,994;-8,261E-2
43,028;
43,061;
43,095;
43,128;-8,541E-2
43,162;
43,195;
43,229;
43,262;-8,946E-2
43,296;
43,329;
43,363;
43,396;-9,316E-2
43,430;
43,463;
43,497;
43,530;-9,472E-2
43,564;
43,597;
43,631;
43,664;-9,797E-2
43,698;
43,731;
43,765;
43,798;-0,102
43,832;
43,865;
43,898;
43,932;-0,103
43,965;
43,999;
44,032;
44,066;-0,106
44,099;
44,133;
44,166;
44,200;-0,109
44,233;
44,267;
44,300;
44,334;-0,112
44,367;
44,401;
44,434;
44,468;-0,113
44,501;
44,535;
44,568;
44,602;-0,115
44,635;
44,669;
44,702;
44,736;-0,117
44,769;
44,803;
44,836;
44,870;-0,119
44,903;
44,937;
44,970;
45,003;-0,119
45,037;
45,070;
45,104;
45,137;-0,120
45,171;
45,204;
45,238;
45,271;-0,121
45,305;
45,338;
45,372;
45,405;-0,122
45,439;
45,472;
45,506;
45,539;-0,123
45,573;
45,606;
45,640;
45,673;-0,125
45,707;
45,740;
45,774;
45,807;-0,125
45,841;
45,874;
45,908;
45,941;-0,125
45,975;
46,008;
46,042;
46,075;-0,126
46,108;
46,142;
46,175;
46,209;-0,126
46,242;
46,276;
46,309;
46,343;-0,126
46,376;
46,410;
46,443;
46,477;-0,126
46,510;
46,544;
46,577;
46,611;-0,126
46,644;
46,678;
46,711;
46,745;-0,125
46,778;
46,812;
46,845;
46,879;-0,125
46,912;
46,946;
46,979;
47,013;-0,124
47,046;
47,080;
47,113;
47,147;-0,123
47,180;
47,213;
47,247;
47,280;-0,123
47,314;
47,347;
47,381;
47,414;-0,121
47,448;
47,481;
47,515;
47,548;-0,119
47,582;
47,615;
47,649;
47,682;-0,117
47,716;
47,749;
47,783;
47,816;-0,115
47,850;
47,883;
47,917;
47,950;-0,114
47,984;
48,017;
48,051;
48,084;-0,111
48,118;
48,151;
48,185;
48,218;-0,107
48,252;
48,285;
48,318;
48,352;-0,106
48,385;
48,419;
48,452;
48,486;-0,103
48,519;
48,553;
48,586;
48,620;-9,983E-2
48,653;
48,687;
48,720;
48,754;-9,803E-2
48,787;
48,821;
48,854;
48,888;-9,497E-2
48,921;
48,955;
48,988;
49,022;-9,232E-2
49,055;
49,089;
49,122;
49,156;-8,831E-2
49,189;
49,223;
49,256;
49,290;-8,463E-2
49,323;
49,356;
49,390;
49,423;-8,172E-2
49,457;
49,490;
49,524;
49,557;-7,738E-2
49,591;
49,624;
49,658;
49,691;-7,446E-2
49,725;
49,758;
49,792;
49,825;-7,021E-2
49,859;
49,892;
49,926;
49,959;-6,487E-2
49,993;
50,026;
50,060;
50,093;-6,206E-2
50,127;
50,160;
50,194;
50,227;-5,769E-2
50,261;
50,294;
50,328;
50,361;-5,104E-2
50,395;
50,428;
50,461;
50,495;-4,956E-2
50,528;
50,562;
50,595;
50,629;-4,354E-2
50,662;
50,696;
50,729;
50,763;-4,108E-2
50,796;
50,830;
50,863;
50,897;-3,259E-2
50,930;
50,964;
50,997;
51,031;-2,942E-2
51,064;
51,098;
51,131;
51,165;-2,409E-2
51,198;
51,232;
51,265;
51,299;-2,074E-2
51,332;
51,366;
51,399;
51,433;-1,522E-2
51,466;
51,500;
51,533;
51,566;-1,031E-2
51,600;
51,633;
51,667;
51,700;-5,487E-3
51,734;
51,767;
51,801;
51,834;-2,102E-3
51,868;
51,901;
51,935;
51,968;2,816E-3
52,002;
52,035;
52,069;
52,102;8,440E-3
52,136;
52,169;
52,203;
52,236;1,316E-2
52,270;
52,303;
52,337;
52,370;1,680E-2
52,404;
52,437;
52,471;
52,504;2,190E-2
52,538;
52,571;
52,605;
52,638;2,678E-2
52,671;
52,705;
52,738;
52,772;3,146E-2
52,805;
52,839;
52,872;
52,906;3,623E-2
52,939;
52,973;
53,006;
53,040;4,061E-2
53,073;
53,107;
53,140;
53,174;4,520E-2
53,207;
53,241;
53,274;
53,308;4,986E-2
53,341;
53,375;
53,408;
53,442;5,433E-2
53,475;
53,509;
53,542;
53,576;5,856E-2
53,609;
53,643;
53,676;
53,710;6,273E-2
53,743;
53,776;
53,810;
53,843;6,701E-2
53,877;
53,910;
53,944;
53,977;7,114E-2
54,011;
54,044;
54,078;
54,111;7,528E-2
54,145;
54,178;
54,212;
54,245;7,919E-2
54,279;
54,312;
54,346;
54,379;8,296E-2
54,413;
54,446;
54,480;
54,513;8,675E-2
54,547;
54,580;
54,614;
54,647;9,050E-2
54,681;
54,714;
54,748;
54,781;9,417E-2
54,815;
54,848;
54,881;
54,915;9,761E-2
54,948;
54,982;
55,015;
55,049;0,101
55,082;
55,116;
55,149;
55,183;0,104
55,216;
55,250;
55,283;
55,317;0,107
55,350;
55,384;
55,417;
55,451;0,110
55,484;
55,518;
55,551;
55,585;0,113
55,618;
55,652;
55,685;
55,719;0,116
55,752;
55,786;
55,819;
55,853;0,119
55,886;
55,920;
55,953;
55,986;0,121
56,020;
56,053;
56,087;
56,120;0,123
56,154;
56,187;
56,221;
56,254;0,125
56,288;
56,321;
56,355;
56,388;0,127
56,422;
56,455;
56,489;
56,522;0,129
56,556;
56,589;
56,623;
56,656;0,130
56,690;
56,723;
56,757;
56,790;0,133
56,824;
56,857;
56,891;
56,924;0,134
56,958;
56,991;
57,025;
57,058;0,135
57,091;
57,125;
57,158;
57,192;0,136
57,225;
57,259;
57,292;
57,326;0,137
57,359;
57,393;
57,426;
57,460;0,137
57,493;
57,527;
57,560;
57,594;0,138
57,627;
57,661;
57,694;
57,728;0,139
57,761;
57,795;
57,828;
57,862;0,140
57,895;
57,929;
57,962;
57,996;0,140
58,029;
58,063;
58,096;
58,129;0,140
58,163;
58,196;
58,230;
58,263;0,140
58,297;
58,330;
58,364;
58,397;0,140
58,431;
58,464;
58,498;
58,531;0,139
58,565;
58,598;
58,632;
58,665;0,139
58,699;
58,732;
58,766;
58,799;0,137
58,833;
58,866;
58,900;
58,933;0,137
58,967;
59,000;
59,034;
59,067;0,136
59,101;
59,134;
59,168;
59,201;0,134
59,234;
59,268;
59,301;
59,335;0,133
59,368;
59,402;
59,435;
59,469;0,131
59,502;
59,536;
59,569;
59,603;0,129
59,636;
59,670;
59,703;
59,737;0,127
59,770;
59,804;
59,837;
59,871;0,125
59,904;
59,938;
59,971;
60,005;0,125
60,038;
60,072;
60,105;
60,139;0,122
60,172;
60,206;
60,239;
60,273;0,119
60,306;
60,339;
60,373;
60,406;0,116
60,440;
60,473;
60,507;
60,540;0,113
60,574;
60,607;
60,641;
60,674;0,110
60,708;
60,741;
60,775;
60,808;0,107
60,842;
60,875;
60,909;
60,942;0,104
60,976;
61,009;
61,043;
61,076;0,100
61,110;
61,143;
61,177;
61,210;9,657E-2
61,244;
61,277;
61,311;
61,344;9,297E-2
61,378;
61,411;
61,444;
61,478;8,945E-2
61,511;
61,545;
61,578;
61,612;8,541E-2
61,645;
61,679;
61,712;
61,746;8,179E-2
61,779;
61,813;
61,846;
61,880;7,765E-2
61,913;
61,947;
61,980;
62,014;7,377E-2
62,047;
62,081;
62,114;
62,148;6,978E-2
62,181;
62,215;
62,248;
62,282;6,558E-2
62,315;
62,349;
62,382;
62,416;6,148E-2
62,449;
62,483;
62,516;
62,549;5,711E-2
62,583;
62,616;
62,650;
62,683;5,288E-2
62,717;
62,750;
62,784;
62,817;4,852E-2
62,851;
62,884;
62,918;
62,951;4,391E-2
62,985;
63,018;
63,052;
63,085;3,951E-2
63,119;
63,152;
63,186;
63,219;3,521E-2
63,253;
63,286;
63,320;
63,353;3,094E-2
63,387;
63,420;
63,454;
63,487;2,627E-2
63,521;
63,554;
63,588;
63,621;2,142E-2
63,654;
63,688;
63,721;
63,755;1,710E-2
63,788;
63,822;
63,855;
63,889;1,269E-2
63,922;
63,956;
63,989;
64,023;8,097E-3
64,056;
64,090;
64,123;
64,157;2,622E-3
64,190;
64,224;
64,257;
64,291;-2,019E-3
64,324;
64,358;
64,391;
64,425;-7,758E-3
64,458;
64,492;
64,525;
64,559;-1,095E-2
64,592;
64,626;
64,659;
64,693;-1,679E-2
64,726;
64,759;
64,793;
64,826;-2,169E-2
64,860;
64,893;
64,927;
64,960;-2,598E-2
64,994;
65,027;
65,061;
65,094;-3,017E-2
65,128;
65,161;
65,195;
65,228;-3,461E-2
65,262;
65,295;
65,329;
65,362;-3,773E-2
65,396;
65,429;
65,463;
65,496;-4,251E-2
65,530;
65,563;
65,597;
65,630;-4,946E-2
65,664;
65,697;
65,731;
65,764;-5,258E-2
65,798;
65,831;
65,864;
65,898;-5,681E-2
65,931;
65,965;
65,998;
66,032;-6,059E-2
66,065;
66,099;
66,132;
66,166;-6,398E-2
66,199;
66,233;
66,266;
66,300;-6,878E-2
66,333;
66,367;
66,400;
66,434;-7,221E-2
66,467;
66,501;
66,534;
66,568;-7,623E-2
66,601;
66,635;
66,668;
66,702;-7,848E-2
66,735;
66,769;
66,802;
66,836;-8,215E-2
66,869;
66,902;
66,936;
66,969;-8,521E-2
67,003;
67,036;
67,070;
67,103;-8,919E-2
67,137;
67,170;
67,204;
67,237;-9,263E-2
67,271;
67,304;
67,338;
67,371;-9,560E-2
67,405;
67,438;
67,472;
67,505;-9,735E-2
67,539;
67,572;
67,606;
67,639;-0,100
67,673;
67,706;
67,740;
67,773;-0,103
67,807;
67,840;
67,874;
67,907;-0,105
67,941;
67,974;
68,007;
68,041;-0,107
68,074;
68,108;
68,141;
68,175;-0,109
68,208;
68,242;
68,275;
68,309;-0,111
68,342;
68,376;
68,409;
68,443;-0,113
68,476;
68,510;
68,543;
68,577;-0,114
68,610;
68,644;
68,677;
68,711;-0,117
68,744;
68,778;
68,811;
68,845;-0,119
68,878;
68,912;
68,945;
68,979;-0,119
69,012;
69,046;
69,079;
69,112;-0,120
69,146;
69,179;
69,213;
69,246;-0,120
69,280;
69,313;
69,347;
69,380;-0,122
69,414;
69,447;
69,481;
69,514;-0,122
69,548;
69,581;
69,615;
69,648;-0,123
69,682;
69,715;
69,749;
69,782;-0,123
69,816;
69,849;
69,883;
69,916;-0,124
69,950;
69,983;
70,017;
70,050;-0,124
70,084;
70,117;
70,151;
70,184;-0,124
70,217;
70,251;
70,284;
70,318;-0,124
70,351;
70,385;
70,418;
70,452;-0,124
70,485;
70,519;
70,552;
70,586;-0,123
70,619;
70,653;
70,686;
70,720;-0,122
70,753;
70,787;
70,820;
70,854;-0,122
70,887;
70,921;
70,954;
70,988;-0,121
71,021;
71,055;
71,088;
71,122;-0,119
71,155;
71,189;
71,222;
71,256;-0,118
71,289;
71,322;
71,356;
71,389;-0,116
71,423;
71,456;
71,490;
71,523;-0,114
71,557;
71,590;
71,624;
71,657;-0,112
71,691;
71,724;
71,758;
71,791;-0,111
71,825;
71,858;
71,892;
71,925;-0,108
71,959;
71,992;
72,026;
72,059;-0,105
72,093;
72,126;
72,160;
72,193;-0,104
72,227;
72,260;
72,294;
72,327;-0,100
72,361;
72,394;
72,427;
72,461;-9,720E-2
72,494;
72,528;
72,561;
72,595;-9,516E-2
72,628;
72,662;
72,695;
72,729;-9,109E-2
72,762;
72,796;
72,829;
72,863;-8,933E-2
72,896;
72,930;
72,963;
72,997;-8,567E-2
73,030;
73,064;
73,097;
73,131;-8,140E-2
73,164;
73,198;
73,231;
73,265;-7,910E-2
73,298;
73,332;
73,365;
73,399;-7,339E-2
73,432;
73,466;
73,499;
73,532;-7,202E-2
73,566;
73,599;
73,633;
73,666;-6,814E-2
73,700;
73,733;
73,767;
73,800;-6,465E-2
73,834;
73,867;
73,901;
73,934;-6,001E-2
73,968;
74,001;
74,035;
74,068;-5,385E-2
74,102;
74,135;
74,169;
74,202;-5,229E-2
74,236;
74,269;
74,303;
74,336;-4,771E-2
74,370;
74,403;
74,437;
74,470;-4,392E-2
74,504;
74,537;
74,571;
74,604;-3,949E-2
74,637;
74,671;
74,704;
74,738;-3,556E-2
74,771;
74,805;
74,838;
74,872;-3,080E-2
74,905;
74,939;
74,972;
75,006;-2,619E-2
75,039;
75,073;
75,106;
75,140;-2,098E-2
75,173;
75,207;
75,240;
75,274;-1,741E-2
75,307;
75,341;
75,374;
75,408;-1,219E-2
75,441;
75,475;
75,508;
75,542;-8,837E-3
75,575;
75,609;
75,642;
75,676;-3,743E-3
75,709;
75,742;
75,776;
75,809;1,101E-3
75,843;
75,876;
75,910;
75,943;6,080E-3
75,977;
76,010;
76,044;
76,077;1,105E-2
76,111;
76,144;
76,178;
76,211;1,721E-2
76,245;
76,278;
76,312;
76,345;1,935E-2
76,379;
76,412;
76,446;
76,479;2,395E-2
76,513;
76,546;
76,580;
76,613;2,869E-2
76,647;
76,680;
76,714;
76,747;3,339E-2
76,780;
76,814;
76,847;
76,881;3,821E-2
76,914;
76,948;
76,981;
77,015;4,268E-2
77,048;
77,082;
77,115;
77,149;4,730E-2
77,182;
77,216;
77,249;
77,283;5,029E-2
77,316;
77,350;
77,383;
77,417;5,411E-2
77,450;
77,484;
77,517;
77,551;5,820E-2
77,584;
77,618;
77,651;
77,685;6,260E-2
77,718;
77,752;
77,785;
77,819;6,659E-2
77,852;
77,885;
77,919;
77,952;7,013E-2
77,986;
78,019;
78,053;
78,086;7,383E-2
78,120;
78,153;
78,187;
78,220;7,795E-2
78,254;
78,287;
78,321;
78,354;8,156E-2
78,388;
78,421;
78,455;
78,488;8,523E-2
78,522;
78,555;
78,589;
78,622;8,870E-2
78,656;
78,689;
78,723;
78,756;9,219E-2
78,790;
78,823;
78,857;
78,890;9,566E-2
78,924;
78,957;
78,990;
79,024;9,874E-2
79,057;
79,091;
79,124;
79,158;0,102
79,191;
79,225;
79,258;
79,292;0,104
79,325;
79,359;
79,392;
79,426;0,109
79,459;
79,493;
79,526;
79,560;0,112
79,593;
79,627;
79,660;
79,694;0,114
79,727;
79,761;
79,794;
79,828;0,116
79,861;
79,895;
79,928;
79,962;0,118
79,995;
80,029;
80,062;
80,095;0,120
80,129;
80,162;
80,196;
80,229;0,122
80,263;
80,296;
80,330;
80,363;0,124
80,397;
80,430;
80,464;
80,497;0,125
80,531;
80,564;
80,598;
80,631;0,127
80,665;
80,698;
80,732;
80,765;0,128
80,799;
80,832;
80,866;
80,899;0,130
80,933;
80,966;
81,000;
81,033;0,131
81,067;
81,100;
81,134;
81,167;0,132
81,200;
81,234;
81,267;
81,301;0,132
81,334;
81,368;
81,401;
81,435;0,133
81,468;
81,502;
81,535;
81,569;0,133
81,602;
81,636;
81,669;
81,703;0,134
81,736;
81,770;
81,803;
81,837;0,134
81,870;
81,904;
81,937;
81,971;0,134
82,004;
82,038;
82,071;
82,105;0,134
82,138;
82,172;
82,205;
82,239;0,134
82,272;
82,305;
82,339;
82,372;0,134
82,406;
82,439;
82,473;
82,506;0,133
82,540;
82,573;
82,607;
82,640;0,132
82,674;
82,707;
82,741;
82,774;0,132
82,808;
82,841;
82,875;
82,908;0,131
82,942;
82,975;
83,009;
83,042;0,129
83,076;
83,109;
83,143;
83,176;0,128
83,210;
83,243;
83,277;
83,310;0,126
83,344;
83,377;
83,410;
83,444;0,125
83,477;
83,511;
83,544;
83,578;0,122
83,611;
83,645;
83,678;
83,712;0,120
83,745;
83,779;
83,812;
83,846;0,118
83,879;
83,913;
83,946;
83,980;0,116
84,013;
84,047;
84,080;
84,114;0,115
84,147;
84,181;
84,214;
84,248;0,112
84,281;
84,315;
84,348;
84,382;0,110
84,415;
84,449;
84,482;
84,515;0,107
84,549;
84,582;
84,616;
84,649;0,104
84,683;
84,716;
84,750;
84,783;0,100
84,817;
84,850;
84,884;
84,917;9,756E-2
84,951;
84,984;
85,018;
85,051;9,355E-2
85,085;
85,118;
85,152;
85,185;8,834E-2
85,219;
85,252;
85,286;
85,319;8,682E-2
85,353;
85,386;
85,420;
85,453;8,352E-2
85,487;
85,520;
85,553;
85,587;7,953E-2
85,620;
85,654;
85,687;
85,721;7,474E-2
85,754;
85,788;
85,821;
85,855;7,109E-2
85,888;
85,922;
85,955;
85,989;6,532E-2
86,022;
86,056;
86,089;
86,123;6,136E-2
86,156;
86,190;
86,223;
86,257;5,722E-2
86,290;
86,324;
86,357;
86,391;5,305E-2
86,424;
86,458;
86,491;
86,525;4,985E-2
86,558;
86,592;
86,625;
86,658;4,564E-2
86,692;
86,725;
86,759;
86,792;4,070E-2
86,826;
86,859;
86,893;
86,926;3,608E-2
86,960;
86,993;
87,027;
87,060;3,178E-2
87,094;
87,127;
87,161;
87,194;2,727E-2
87,228;
87,261;
87,295;
87,328;2,288E-2
87,362;
87,395;
87,429;
87,462;1,861E-2
87,496;
87,529;
87,563;
87,596;1,379E-2
87,630;
87,663;
87,697;
87,730;9,179E-3
87,763;
87,797;
87,830;
87,864;2,176E-3
87,897;
87,931;
87,964;
87,998;3,889E-5
88,031;
88,065;
88,098;
88,132;-5,457E-3
88,165;
88,199;
88,232;
88,266;-1,014E-2
88,299;
88,333;
88,366;
88,400;-1,443E-2
88,433;
88,467;
88,500;
88,534;-1,850E-2
88,567;
88,601;
88,634;
88,668;-2,426E-2
88,701;
88,735;
88,768;
88,802;-2,890E-2
88,835;
88,868;
88,902;
88,935;-3,086E-2
88,969;
89,002;
89,036;
89,069;-3,587E-2
89,103;
89,136;
89,170;
89,203;-4,055E-2
89,237;
89,270;
89,304;
89,337;-4,449E-2
89,371;
89,404;
89,438;
89,471;-4,927E-2
89,505;
89,538;
89,572;
89,605;-5,328E-2
89,639;
89,672;
89,706;
89,739;-5,732E-2
89,773;
89,806;
89,840;
89,873;-6,141E-2
89,907;
89,940;
89,973;
90,007;-6,453E-2
90,040;
90,074;
90,107;
90,141;-6,976E-2
90,174;
90,208;
90,241;
90,275;-7,238E-2
90,308;
90,342;
90,375;
90,409;-7,647E-2
90,442;
90,476;
90,509;
90,543;-8,006E-2
90,576;
90,610;
90,643;
90,677;-8,216E-2
90,710;
90,744;
90,777;
90,811;-8,668E-2
90,844;
90,878;
90,911;
90,945;-9,030E-2
90,978;
91,012;
91,045;
91,078;-9,204E-2
91,112;
91,145;
91,179;
91,212;-9,597E-2
91,246;
91,279;
91,313;
91,346;-9,677E-2
91,380;
91,413;
91,447;
91,480;-0,100
91,514;
91,547;
91,581;
91,614;-0,104
91,648;
91,681;
91,715;
91,748;-0,106
91,782;
91,815;
91,849;
91,882;-0,110
91,916;
91,949;
91,983;
92,016;-0,112
92,050;
92,083;
92,117;
92,150;-0,113
92,183;
92,217;
92,250;
92,284;-0,115
92,317;
92,351;
92,384;
92,418;-0,117
92,451;
92,485;
92,518;
92,552;-0,119
92,585;
92,619;
92,652;
92,686;-0,121
92,719;
92,753;
92,786;
92,820;-0,122
92,853;
92,887;
92,920;
92,954;-0,122
92,987;
93,021;
93,054;
93,088;-0,123
93,121;
93,155;
93,188;
93,222;-0,124
93,255;
93,288;
93,322;
93,355;-0,125
93,389;
93,422;
93,456;
93,489;-0,125
93,523;
93,556;
93,590;
93,623;-0,126
93,657;
93,690;
93,724;
93,757;-0,126
93,791;
93,824;
93,858;
93,891;-0,126
93,925;
93,958;
93,992;
94,025;-0,126
94,059;
94,092;
94,126;
94,159;-0,126
94,193;
94,226;
94,260;
94,293;-0,125
94,326;
94,360;
94,393;
94,427;-0,124
94,460;
94,494;
94,527;
94,561;-0,123
94,594;
94,628;
94,661;
94,695;-0,122
94,728;
94,762;
94,795;
94,829;-0,120
94,862;
94,896;
94,929;
94,963;-0,119
94,996;
95,030;
95,063;
95,097;-0,117
95,130;
95,164;
95,197;
95,231;-0,116
95,264;
95,298;
95,331;
95,365;-0,114
95,398;
95,431;
95,465;
95,498;-0,112
95,532;
95,565;
95,599;
95,632;-0,109
95,666;
95,699;
95,733;
95,766;-0,108
95,800;
95,833;
95,867;
95,900;-0,105
95,934;
95,967;
96,001;
96,034;-0,102
96,068;
96,101;
96,135;
96,168;-0,100
96,202;
96,235;
96,269;
96,302;-9,724E-2
96,336;
96,369;
96,403;
96,436;-9,490E-2
96,470;
96,503;
96,536;
96,570;-9,166E-2
96,603;
96,637;
96,670;
96,704;-8,833E-2
96,737;
96,771;
96,804;
96,838;-8,385E-2
96,871;
96,905;
96,938;
96,972;-8,150E-2
97,005;
97,039;
97,072;
97,106;-7,717E-2
97,139;
97,173;
97,206;
97,240;-7,462E-2
97,273;
97,307;
97,340;
97,374;-7,068E-2
97,407;
97,441;
97,474;
97,508;-6,654E-2
97,541;
97,575;
97,608;
97,641;-6,251E-2
97,675;
97,708;
97,742;
97,775;-5,797E-2
97,809;
97,842;
97,876;
97,909;-5,481E-2
97,943;
97,976;
98,010;
98,043;-5,058E-2
98,077;
98,110;
98,144;
98,177;-4,605E-2
98,211;
98,244;
98,278;
98,311;-4,192E-2
98,345;
98,378;
98,412;
98,445;-3,712E-2
98,479;
98,512;
98,546;
98,579;-3,343E-2
98,613;
98,646;
98,680;
98,713;-2,860E-2
98,746;
98,780;
98,813;
98,847;-2,387E-2
98,880;
98,914;
98,947;
98,981;-1,896E-2
99,014;
99,048;
99,081;
99,115;-1,500E-2
99,148;
99,182;
99,215;
99,249;-1,022E-2
99,282;
99,316;
99,349;
99,383;-3,067E-3
99,416;
99,450;
99,483;
99,517;1,058E-3
99,550;
99,584;
99,617;
99,651;6,305E-3
99,684;
99,718;
99,751;
99,785;1,122E-2
99,818;
99,851;
99,885;
99,918;1,305E-2
99,952;
99,985;
100,019;
100,052;1,952E-2
100,086;
100,119;
100,153;
100,186;2,442E-2
100,220;
100,253;
100,287;
100,320;2,911E-2
100,354;
100,387;
100,421;
100,454;3,361E-2
100,488;
100,521;
100,555;
100,588;3,800E-2
100,622;
100,655;
100,689;
100,722;4,256E-2
100,756;
100,789;
100,823;
100,856;4,688E-2
100,890;
100,923;
100,956;
100,990;5,122E-2
101,023;
101,057;
101,090;
101,124;5,549E-2
101,157;
101,191;
101,224;
101,258;5,977E-2
101,291;
101,325;
101,358;
101,392;6,390E-2
101,425;
101,459;
101,492;
101,526;6,804E-2
101,559;
101,593;
101,626;
101,660;7,202E-2
101,693;
101,727;
101,760;
101,794;7,590E-2
101,827;
101,861;
101,894;
101,928;7,982E-2
101,961;
101,995;
102,028;
102,061;8,334E-2
102,095;
102,128;
102,162;
102,195;8,703E-2
102,229;
102,262;
102,296;
102,329;9,055E-2
102,363;
102,396;
102,430;
102,463;9,385E-2
102,497;
102,530;
102,564;
102,597;9,735E-2
102,631;
102,664;
102,698;
102,731;0,100
102,765;
102,798;
102,832;
102,865;0,104
102,899;
102,932;
102,966;
102,999;0,107
103,033;
103,066;
103,099;
103,133;0,109
103,166;
103,200;
103,233;
103,267;0,112
103,300;
103,334;
103,367;
103,401;0,114
103,434;
103,468;
103,501;
103,535;0,117
103,568;
103,602;
103,635;
103,669;0,119
103,702;
103,736;
103,769;
103,803;0,121
103,836;
103,870;
103,903;
103,937;0,123
103,970;
104,004;
104,037;
104,071;0,124
104,104;
104,138;
104,171;
104,204;0,126
104,238;
104,271;
104,305;
104,338;0,128
104,372;
104,405;
104,439;
104,472;0,129
104,506;
104,539;
104,573;
104,606;0,130
104,640;
104,673;
104,707;
104,740;0,131
104,774;
104,807;
104,841;
104,874;0,132
104,908;
104,941;
104,975;
105,008;0,133
105,042;
105,075;
105,109;
105,142;0,134
105,176;
105,209;
105,243;
105,276;0,134
105,309;
105,343;
105,376;
105,410;0,135
105,443;
105,477;
105,510;
105,544;0,135
105,577;
105,611;
105,644;
105,678;0,135
105,711;
105,745;
105,778;
105,812;0,135
105,845;
105,879;
105,912;
105,946;0,135
105,979;
106,013;
106,046;
106,080;0,134
106,113;
106,147;
106,180;
106,214;0,134
106,247;
106,281;
106,314;
106,348;0,133
106,381;
106,414;
106,448;
106,481;0,133
106,515;
106,548;
106,582;
106,615;0,131
106,649;
106,682;
106,716;
106,749;0,130
106,783;
106,816;
106,850;
106,883;0,129
106,917;
106,950;
106,984;
107,017;0,127
107,051;
107,084;
107,118;
107,151;0,126
107,185;
107,218;
107,252;
107,285;0,124
107,319;
107,352;
107,386;
107,419;0,122
107,453;
107,486;
107,519;
107,553;0,120
107,586;
107,620;
107,653;
107,687;0,117
107,720;
107,754;
107,787;
107,821;0,115
107,854;
107,888;
107,921;
107,955;0,112
107,988;
108,022;
108,055;
108,089;0,110
108,122;
108,156;
108,189;
108,223;0,107
108,256;
108,290;
108,323;
108,357;0,104
108,390;
108,424;
108,457;
108,491;0,101
108,524;
108,558;
108,591;
108,624;9,799E-2
108,658;
108,691;
108,725;
108,758;9,446E-2
108,792;
108,825;
108,859;
108,892;9,082E-2
108,926;
108,959;
108,993;
109,026;8,753E-2
109,060;
109,093;
109,127;
109,160;8,392E-2
109,194;
109,227;
109,261;
109,294;7,915E-2
109,328;
109,361;
109,395;
109,428;7,539E-2
109,462;
109,495;
109,529;
109,562;7,166E-2
109,596;
109,629;
109,663;
109,696;6,756E-2
109,729;
109,763;
109,796;
109,830;6,343E-2
109,863;
109,897;
109,930;
109,964;5,950E-2
109,997;
110,031;
110,064;
110,098;5,528E-2
110,131;
110,165;
110,198;
110,232;5,100E-2
110,265;
110,299;
110,332;
110,366;4,776E-2
110,399;
110,433;
110,466;
110,500;4,331E-2
110,533;
110,567;
110,600;
110,634;3,919E-2
110,667;
110,701;
110,734;
110,768;3,441E-2
110,801;
110,834;
110,868;
110,901;2,988E-2
110,935;
110,968;
111,002;
111,035;2,526E-2
111,069;
111,102;
111,136;
111,169;2,071E-2
111,203;
111,236;
111,270;
111,303;1,592E-2
111,337;
111,370;
111,404;
111,437;1,078E-2
111,471;
111,504;
111,538;
111,571;7,085E-3
111,605;
111,638;
111,672;
111,705;2,078E-3
111,739;
111,772;
111,806;
111,839;-2,685E-3
111,872;
111,906;
111,939;
111,973;-6,114E-3
112,006;
112,040;
112,073;
112,107;-1,082E-2
112,140;
112,174;
112,207;
112,241;-1,534E-2
112,274;
112,308;
112,341;
112,375;-2,017E-2
112,408;
112,442;
112,475;
112,509;-2,532E-2
112,542;
112,576;
112,609;
112,643;-2,913E-2
112,676;
112,710;
112,743;
112,777;-3,371E-2
112,810;
112,844;
112,877;
112,911;-3,840E-2
112,944;
112,977;
113,011;
113,044;-4,107E-2
113,078;
113,111;
113,145;
113,178;-4,557E-2
113,212;
113,245;
113,279;
113,312;-4,939E-2
113,346;
113,379;
113,413;
113,446;-5,373E-2
113,480;
113,513;
113,547;
113,580;-5,849E-2
113,614;
113,647;
113,681;
113,714;-6,103E-2
113,748;
113,781;
113,815;
113,848;-6,506E-2
113,882;
113,915;
113,949;
113,982;-6,976E-2
114,016;
114,049;
114,082;
114,116;-7,289E-2
114,149;
114,183;
114,216;
114,250;-7,692E-2
114,283;
114,317;
114,350;
114,384;-7,879E-2
114,417;
114,451;
114,484;
114,518;-8,248E-2
114,551;
114,585;
114,618;
114,652;-8,516E-2
114,685;
114,719;
114,752;
114,786;-8,844E-2
114,819;
114,853;
114,886;
114,920;-9,232E-2
114,953;
114,987;
115,020;
115,054;-9,519E-2
115,087;
115,121;
115,154;
115,187;-9,666E-2
115,221;
115,254;
115,288;
115,321;-9,972E-2
115,355;
115,388;
115,422;
115,455;-0,103
115,489;
115,522;
115,556;
115,589;-0,104
115,623;
115,656;
115,690;
115,723;-0,106
115,757;
115,790;
115,824;
115,857;-0,109
115,891;
115,924;
115,958;
115,991;-0,111
116,025;
116,058;
116,092;
116,125;-0,111
116,159;
116,192;
116,226;
116,259;-0,113
116,292;
116,326;
116,359;
116,393;-0,115
116,426;
116,460;
116,493;
116,527;-0,117
116,560;
116,594;
116,627;
116,661;-0,118
116,694;
116,728;
116,761;
116,795;-0,117
116,828;
116,862;
116,895;
116,929;-0,118
116,962;
116,996;
117,029;
117,063;-0,119
117,096;
117,130;
117,163;
117,197;-0,119
117,230;
117,264;
117,297;
117,331;-0,120
117,364;
117,397;
117,431;
117,464;-0,120
117,498;
117,531;
117,565;
117,598;-0,120
117,632;
117,665;
117,699;
117,732;-0,120
117,766;
117,799;
117,833;
117,866;-0,120
117,900;
117,933;
117,967;
118,000;-0,120
118,034;
118,067;
118,101;
118,134;-0,119
118,168;
118,201;
118,235;
118,268;-0,118
118,302;
118,335;
118,369;
118,402;-0,117
118,436;
118,469;
118,502;
118,536;-0,116
118,569;
118,603;
118,636;
118,670;-0,116
118,703;
118,737;
118,770;
118,804;-0,114
118,837;
118,871;
118,904;
118,938;-0,114
118,971;
119,005;
119,038;
119,072;-0,113
119,105;
119,139;
119,172;
119,206;-0,110
119,239;
119,273;
119,306;
119,340;-0,108
119,373;
119,407;
119,440;
119,474;-0,106
119,507;
119,541;
119,574;
119,607;-0,105
119,641;
119,674;
119,708;
119,741;-0,101
119,775;
119,808;
119,842;
119,875;-9,877E-2
119,909;
119,942;
119,976;
120,009;-9,723E-2
120,043;
120,076;
120,110;
120,143;-9,364E-2
120,177;
120,210;
120,244;
120,277;-9,025E-2
120,311;
120,344;
120,378;
120,411;-8,839E-2
120,445;
120,478;
120,512;
120,545;-8,472E-2
120,579;
120,612;
120,645;
120,679;-8,205E-2
120,712;
120,746;
120,779;
120,813;-7,836E-2
120,846;
120,880;
120,913;
120,947;-7,392E-2
120,980;
121,014;
121,047;
121,081;-7,160E-2
121,114;
121,148;
121,181;
121,215;-6,741E-2
121,248;
121,282;
121,315;
121,349;-6,439E-2
121,382;
121,416;
121,449;
121,483;-6,004E-2
121,516;
121,550;
121,583;
121,617;-5,431E-2
121,650;
121,684;
121,717;
121,750;-5,218E-2
121,784;
121,817;
121,851;
121,884;-4,777E-2
121,918;
121,951;
121,985;
122,018;-4,302E-2
122,052;
122,085;
122,119;
122,152;-3,949E-2
122,186;
122,219;
122,253;
122,286;-3,348E-2
122,320;
122,353;
122,387;
122,420;-3,126E-2
122,454;
122,487;
122,521;
122,554;-2,697E-2
122,588;
122,621;
122,655;
122,688;-2,121E-2
122,722;
122,755;
122,789;
122,822;-1,814E-2
122,855;
122,889;
122,922;
122,956;-1,341E-2
122,989;
123,023;
123,056;
123,090;-8,335E-3
123,123;
123,157;
123,190;
123,224;-2,206E-3
123,257;
123,291;
123,324;
123,358;-3,402E-4
123,391;
123,425;
123,458;
123,492;4,305E-3
123,525;
123,559;
123,592;
123,626;9,103E-3
123,659;
123,693;
123,726;
123,760;1,426E-2
123,793;
123,827;
123,860;
123,894;1,697E-2
123,927;
123,960;
123,994;
124,027;2,186E-2
124,061;
124,094;
124,128;
124,161;2,650E-2
124,195;
124,228;
124,262;
124,295;3,135E-2
124,329;
124,362;
124,396;
124,429;3,599E-2
124,463;
124,496;
124,530;
124,563;4,042E-2
124,597;
124,630;
124,664;
124,697;4,478E-2
124,731;
124,764;
124,798;
124,831;4,952E-2
124,865;
124,898;
124,932;
124,965;5,415E-2
124,999;
125,032;
125,065;
125,099;5,866E-2
125,132;
125,166;
125,199;
125,233;6,268E-2
125,266;
125,300;
125,333;
125,367;6,696E-2
125,400;
125,434;
125,467;
125,501;7,098E-2
125,534;
125,568;
125,601;
125,635;7,507E-2
125,668;
125,702;
125,735;
125,769;7,891E-2
125,802;
125,836;
125,869;
125,903;8,256E-2
125,936;
125,970;
126,003;
126,037;8,613E-2
126,070;
126,104;
126,137;
126,170;8,961E-2
126,204;
126,237;
126,271;
126,304;9,296E-2
126,338;
126,371;
126,405;
126,438;9,595E-2
126,472;
126,505;
126,539;
126,572;9,916E-2
126,606;
126,639;
126,673;
126,706;0,102
126,740;
126,773;
126,807;
126,840;0,105
126,874;
126,907;
126,941;
126,974;0,108
127,008;
127,041;
127,075;
127,108;0,110
127,142;
127,175;
127,209;
127,242;0,113
127,275;
127,309;
127,342;
127,376;0,115
127,409;
127,443;
127,476;
127,510;0,118
127,543;
127,577;
127,610;
127,644;0,120
127,677;
127,711;
127,744;
127,778;0,122
127,811;
127,845;
127,878;
127,912;0,124
127,945;
127,979;
128,012;
128,046;0,127
128,079;
128,113;
128,146;
128,180;0,129
128,213;
128,247;
128,280;
128,314;0,130
128,347;
128,380;
128,414;
128,447;0,131
128,481;
128,514;
128,548;
128,581;0,133
128,615;
128,648;
128,682;
128,715;0,134
128,749;
128,782;
128,816;
128,849;0,135
128,883;
128,916;
128,950;
128,983;0,135
129,017;
129,050;
129,084;
129,117;0,136
129,151;
129,184;
129,218;
129,251;0,136
129,285;
129,318;
129,352;
129,385;0,136
129,418;
129,452;
129,485;
129,519;0,136
129,552;
129,586;
129,619;
129,653;0,136
129,686;
129,720;
129,753;
129,787;0,136
129,820;
129,854;
129,887;
129,921;0,136
129,954;
129,988;
130,021;
130,055;0,135
130,088;
130,122;
130,155;
130,189;0,135
130,222;
130,256;
130,289;
130,323;0,134
130,356;
130,390;
130,423;
130,457;0,132
130,490;
130,523;
130,557;
130,590;0,131
130,624;
130,657;
130,691;
130,724;0,129
130,758;
130,791;
130,825;
130,858;0,128
130,892;
130,925;
130,959;
130,992;0,126
131,026;
131,059;
131,093;
131,126;0,124
131,160;
131,193;
131,227;
131,260;0,122
131,294;
131,327;
131,361;
131,394;0,120
131,428;
131,461;
131,495;
131,528;0,117
131,562;
131,595;
131,628;
131,662;0,114
131,695;
131,729;
131,762;
131,796;0,112
131,829;
131,863;
131,896;
131,930;0,109
131,963;
131,997;
132,030;
132,064;0,106
132,097;
132,131;
132,164;
132,198;0,103
132,231;
132,265;
132,298;
132,332;0,100
132,365;
132,399;
132,432;
132,466;9,669E-2
132,499;
132,533;
132,566;
132,600;9,371E-2
132,633;
132,667;
132,700;
132,733;9,011E-2
132,767;
132,800;
132,834;
132,867;8,660E-2
132,901;
132,934;
132,968;
133,001;8,315E-2
133,035;
133,068;
133,102;
133,135;7,904E-2
133,169;
133,202;
133,236;
133,269;7,531E-2
133,303;
133,336;
133,370;
133,403;7,167E-2
133,437;
133,470;
133,504;
133,537;6,788E-2
133,571;
133,604;
133,638;
133,671;6,356E-2
133,705;
133,738;
133,772;
133,805;5,964E-2
133,838;
133,872;
133,905;
133,939;5,539E-2
133,972;
134,006;
134,039;
134,073;5,089E-2
134,106;
134,140;
134,173;
134,207;4,670E-2
134,240;
134,274;
134,307;
134,341;4,198E-2
134,374;
134,408;
134,441;
134,475;3,768E-2
134,508;
134,542;
134,575;
134,609;3,395E-2
134,642;
134,676;
134,709;
134,743;2,840E-2
134,776;
134,810;
134,843;
134,877;2,420E-2
134,910;
134,943;
134,977;
135,010;1,980E-2
135,044;
135,077;
135,111;
135,144;1,494E-2
135,178;
135,211;
135,245;
135,278;1,034E-2
135,312;
135,345;
135,379;
135,412;6,501E-3
135,446;
135,479;
135,513;
135,546;1,532E-3
135,580;
135,613;
135,647;
135,680;-2,798E-3
135,714;
135,747;
135,781;
135,814;-6,860E-3
135,848;
135,881;
135,915;
135,948;-1,153E-2
135,982;
136,015;
136,048;
136,082;-1,596E-2
136,115;
136,149;
136,182;
136,216;-2,034E-2
136,249;
136,283;
136,316;
136,350;-2,455E-2
136,383;
136,417;
136,450;
136,484;-2,936E-2
136,517;
136,551;
136,584;
136,618;-3,347E-2
136,651;
136,685;
136,718;
136,752;-3,845E-2
136,785;
136,819;
136,852;
136,886;-4,142E-2
136,919;
136,953;
136,986;
137,020;-4,644E-2
137,053;
137,087;
137,120;
137,153;-4,992E-2
137,187;
137,220;
137,254;
137,287;-5,426E-2
137,321;
137,354;
137,388;
137,421;-5,863E-2
137,455;
137,488;
137,522;
137,555;-6,135E-2
137,589;
137,622;
137,656;
137,689;-6,539E-2
137,723;
137,756;
137,790;
137,823;-6,959E-2
137,857;
137,890;
137,924;
137,957;-7,245E-2
137,991;
138,024;
138,058;
138,091;-7,643E-2
138,125;
138,158;
138,191;
138,225;-7,992E-2
138,258;
138,292;
138,325;
138,359;-8,223E-2
138,392;
138,426;
138,459;
138,493;-8,610E-2
138,526;
138,560;
138,593;
138,627;-9,124E-2
138,660;
138,694;
138,727;
138,761;-9,211E-2
138,794;
138,828;
138,861;
138,895;-9,510E-2
138,928;
138,962;
138,995;
139,029;-9,949E-2
139,062;
139,096;
139,129;
139,163;-0,102
139,196;
139,230;
139,263;
139,296;-0,103
139,330;
139,363;
139,397;
139,430;-0,105
139,464;
139,497;
139,531;
139,564;-0,109
139,598;
139,631;
139,665;
139,698;-0,111
139,732;
139,765;
139,799;
139,832;-0,111
139,866;
139,899;
139,933;
139,966;-0,112
140,000;
140,033;
140,067;
140,100;-0,115
140,134;
140,167;
140,201;
140,234;-0,116
140,268;
140,301;
140,335;
140,368;-0,119
140,401;
140,435;
140,468;
140,502;-0,119
140,535;
140,569;
140,602;
140,636;-0,119
140,669;
140,703;
140,736;
140,770;-0,120
140,803;
140,837;
140,870;
140,904;-0,121
140,937;
140,971;
141,004;
141,038;-0,121
141,071;
141,105;
141,138;
141,172;-0,122
141,205;
141,239;
141,272;
141,306;-0,122
141,339;
141,373;
141,406;
141,440;-0,122
141,473;
141,506;
141,540;
141,573;-0,122
141,607;
141,640;
141,674;
141,707;-0,122
141,741;
141,774;
141,808;
141,841;-0,121
141,875;
141,908;
141,942;
141,975;-0,121
142,009;
142,042;
142,076;
142,109;-0,120
142,143;
142,176;
142,210;
142,243;-0,119
142,277;
142,310;
142,344;
142,377;-0,117
142,411;
142,444;
142,478;
142,511;-0,116
142,545;
142,578;
142,611;
142,645;-0,116
142,678;
142,712;
142,745;
142,779;-0,114
142,812;
142,846;
142,879;
142,913;-0,111
142,946;
142,980;
143,013;
143,047;-0,109
143,080;
143,114;
143,147;
143,181;-0,109
143,214;
143,248;
143,281;
143,315;-0,106
143,348;
143,382;
143,415;
143,449;-0,103
143,482;
143,516;
143,549;
143,583;-0,100
143,616;
143,650;
143,683;
143,716;-9,896E-2
143,750;
143,783;
143,817;
143,850;-9,557E-2
143,884;
143,917;
143,951;
143,984;-9,169E-2
144,018;
144,051;
144,085;
144,118;-9,024E-2
144,152;
144,185;
144,219;
144,252;-8,650E-2
144,286;
144,319;
144,353;
144,386;-8,414E-2
144,420;
144,453;
144,487;
144,520;-8,057E-2
144,554;
144,587;
144,621;
144,654;-7,781E-2
144,688;
144,721;
144,755;
144,788;-7,423E-2
144,821;
144,855;
144,888;
144,922;-6,981E-2
144,955;
144,989;
145,022;
145,056;-6,493E-2
145,089;
145,123;
145,156;
145,190;-6,261E-2
145,223;
145,257;
145,290;
145,324;-5,760E-2
145,357;
145,391;
145,424;
145,458;-5,495E-2
145,491;
145,525;
145,558;
145,592;-5,034E-2
145,625;
145,659;
145,692;
145,726;-4,635E-2
145,759;
145,793;
145,826;
145,860;-4,259E-2
145,893;
145,926;
145,960;
145,993;-3,803E-2
146,027;
146,060;
146,094;
146,127;-3,150E-2
146,161;
146,194;
146,228;
146,261;-2,666E-2
146,295;
146,328;
146,362;
146,395;-2,477E-2
146,429;
146,462;
146,496;
146,529;-2,016E-2
146,563;
146,596;
146,630;
146,663;-1,640E-2
146,697;
146,730;
146,764;
146,797;-1,173E-2
146,831;
146,864;
146,898;
146,931;-3,896E-3
146,964;
146,998;
147,031;
147,065;-2,894E-3
147,098;
147,132;
147,165;
147,199;4,047E-3
147,232;
147,266;
147,299;
147,333;5,902E-3
147,366;
147,400;
147,433;
147,467;1,077E-2
147,500;
147,534;
147,567;
147,601;1,756E-2
147,634;
147,668;
147,701;
147,735;2,236E-2
147,768;
147,802;
147,835;
147,869;2,648E-2
147,902;
147,936;
147,969;
148,003;3,113E-2
148,036;
148,069;
148,103;
148,136;3,547E-2
148,170;
148,203;
148,237;
148,270;3,984E-2
148,304;
148,337;
148,371;
148,404;4,394E-2
148,438;
148,471;
148,505;
148,538;4,826E-2
148,572;
148,605;
148,639;
148,672;5,249E-2
148,706;
148,739;
148,773;
148,806;5,669E-2
148,840;
148,873;
148,907;
148,940;6,074E-2
148,974;
149,007;
149,041;
149,074;6,466E-2
149,108;
149,141;
149,174;
149,208;6,875E-2
149,241;
149,275;
149,308;
149,342;7,249E-2
149,375;
149,409;
149,442;
149,476;7,638E-2
149,509;
149,543;
149,576;
149,610;8,010E-2
149,643;
149,677;
149,710;
149,744;8,383E-2
149,777;
149,811;
149,844;
149,878;8,739E-2
149,911;
149,945;
149,978;
150,012;9,061E-2
150,045;
150,079;
150,112;
150,146;9,394E-2
150,179;
150,213;
150,246;
150,279;9,718E-2
150,313;
150,346;
150,380;
150,413;0,100
150,447;
150,480;
150,514;
150,547;0,103
150,581;
150,614;
150,648;
150,681;0,106
150,715;
150,748;
150,782;
150,815;0,109
150,849;
150,882;
150,916;
150,949;0,111
150,983;
151,016;
151,050;
151,083;0,114
151,117;
151,150;
151,184;
151,217;0,116
151,251;
151,284;
151,318;
151,351;0,118
151,384;
151,418;
151,451;
151,485;0,120
151,518;
151,552;
151,585;
151,619;0,122
151,652;
151,686;
151,719;
151,753;0,123
151,786;
151,820;
151,853;
151,887;0,125
151,920;
151,954;
151,987;
152,021;0,126
152,054;
152,088;
152,121;
152,155;0,127
152,188;
152,222;
152,255;
152,289;0,129
152,322;
152,356;
152,389;
152,423;0,130
152,456;
152,489;
152,523;
152,556;0,130
152,590;
152,623;
152,657;
152,690;0,131
152,724;
152,757;
152,791;
152,824;0,132
152,858;
152,891;
152,925;
152,958;0,132
152,992;
153,025;
153,059;
153,092;0,132
153,126;
153,159;
153,193;
153,226;0,132
153,260;
153,293;
153,327;
153,360;0,132
153,394;
153,427;
153,461;
153,494;0,132
153,528;
153,561;
153,594;
153,628;0,132
153,661;
153,695;
153,728;
153,762;0,132
153,795;
153,829;
153,862;
153,896;0,131
153,929;
153,963;
153,996;
154,030;0,130
154,063;
154,097;
154,130;
154,164;0,129
154,197;
154,231;
154,264;
154,298;0,128
154,331;
154,365;
154,398;
154,432;0,127
154,465;
154,499;
154,532;
154,566;0,126
154,599;
154,633;
154,666;
154,699;0,124
154,733;
154,766;
154,800;
154,833;0,122
154,867;
154,900;
154,934;
154,967;0,120
155,001;
155,034;
155,068;
155,101;0,118
155,135;
155,168;
155,202;
155,235;0,116
155,269;
155,302;
155,336;
155,369;0,114
155,403;
155,436;
155,470;
155,503;0,111
155,537;
155,570;
155,604;
155,637;0,111
155,671;
155,704;
155,738;
155,771;0,106
155,804;
155,838;
155,871;
155,905;0,105
155,938;
155,972;
156,005;
156,039;0,102
156,072;
156,106;
156,139;
156,173;9,876E-2
156,206;
156,240;
156,273;
156,307;9,530E-2
156,340;
156,374;
156,407;
156,441;9,211E-2
156,474;
156,508;
156,541;
156,575;8,874E-2
156,608;
156,642;
156,675;
156,709;8,511E-2
156,742;
156,776;
156,809;
156,842;8,152E-2
156,876;
156,909;
156,943;
156,976;7,778E-2
157,010;
157,043;
157,077;
157,110;7,399E-2
157,144;
157,177;
157,211;
157,244;7,028E-2
157,278;
157,311;
157,345;
157,378;6,630E-2
157,412;
157,445;
157,479;
157,512;6,243E-2
157,546;
157,579;
157,613;
157,646;5,829E-2
157,680;
157,713;
157,747;
157,780;5,435E-2
157,814;
157,847;
157,881;
157,914;5,021E-2
157,947;
157,981;
158,014;
158,048;4,598E-2
158,081;
158,115;
158,148;
158,182;4,203E-2
158,215;
158,249;
158,282;
158,316;3,760E-2
158,349;
158,383;
158,416;
158,450;3,347E-2
158,483;
158,517;
158,550;
158,584;2,927E-2
158,617;
158,651;
158,684;
158,718;2,496E-2
158,751;
158,785;
158,818;
158,852;2,045E-2
158,885;
158,919;
158,952;
158,986;1,610E-2
159,019;
159,052;
159,086;
159,119;1,184E-2
159,153;
159,186;
159,220;
159,253;6,570E-3
159,287;
159,320;
159,354;
159,387;1,215E-3
159,421;
159,454;
159,488;
159,521;-2,477E-3
159,555;
159,588;
159,622;
159,655;-6,683E-3
159,689;
159,722;
159,756;
159,789;-1,238E-2
159,823;
159,856;
159,890;
159,923;-1,642E-2
159,957;
159,990;
160,024;
160,057;-2,060E-2
160,091;
160,124;
160,157;
160,191;-2,480E-2
160,224;
160,258;
160,291;
160,325;-3,056E-2
160,358;
160,392;
160,425;
160,459;-3,304E-2
160,492;
160,526;
160,559;
160,593;-3,651E-2
160,626;
160,660;
160,693;
160,727;-4,055E-2
160,760;
160,794;
160,827;
160,861;-4,433E-2
160,894;
160,928;
160,961;
160,995;-4,980E-2
161,028;
161,062;
161,095;
161,129;-5,297E-2
161,162;
161,196;
161,229;
161,262;-5,652E-2
161,296;
161,329;
161,363;
161,396;-6,087E-2
161,430;
161,463;
161,497;
161,530;-6,479E-2
161,564;
161,597;
161,631;
161,664;-6,679E-2
161,698;
161,731;
161,765;
161,798;-7,149E-2
161,832;
161,865;
161,899;
161,932;-7,499E-2
161,966;
161,999;
162,033;
162,066;-7,689E-2
162,100;
162,133;
162,167;
162,200;-8,101E-2
162,234;
162,267;
162,301;
162,334;-8,445E-2
162,367;
162,401;
162,434;
162,468;-8,617E-2
162,501;
162,535;
162,568;
162,602;-9,039E-2
162,635;
162,669;
162,702;
162,736;-9,294E-2
162,769;
162,803;
162,836;
162,870;-9,484E-2
162,903;
162,937;
162,970;
163,004;-9,751E-2
163,037;
163,071;
163,104;
163,138;-0,101
163,171;
163,205;
163,238;
163,272;-0,104
163,305;
163,339;
163,372;
163,406;-0,104
163,439;
163,472;
163,506;
163,539;-0,106
163,573;
163,606;
163,640;
163,673;-0,108
163,707;
163,740;
163,774;
163,807;-0,110
163,841;
163,874;
163,908;
163,941;-0,112
163,975;
164,008;
164,042;
164,075;-0,113
164,109;
164,142;
164,176;
164,209;-0,114
164,243;
164,276;
164,310;
164,343;-0,115
164,377;
164,410;
164,444;
164,477;-0,116
164,511;
164,544;
164,577;
164,611;-0,116
164,644;
164,678;
164,711;
164,745;-0,117
164,778;
164,812;
164,845;
164,879;-0,117
164,912;
164,946;
164,979;
165,013;-0,117
165,046;
165,080;
165,113;
165,147;-0,117
165,180;
165,214;
165,247;
165,281;-0,117
165,314;
165,348;
165,381;
165,415;-0,117
165,448;
165,482;
165,515;
165,549;-0,116
165,582;
165,615;
165,649;
165,682;-0,116
165,716;
165,749;
165,783;
165,816;-0,116
165,850;
165,883;
165,917;
165,950;-0,116
165,984;
166,017;
166,051;
166,084;-0,116
166,118;
166,151;
166,185;
166,218;-0,115
166,252;
166,285;
166,319;
166,352;-0,114
166,386;
166,419;
166,453;
166,486;-0,112
166,520;
166,553;
166,587;
166,620;-0,111
166,654;
166,687;
166,720;
166,754;-0,109
166,787;
166,821;
166,854;
166,888;-0,107
166,921;
166,955;
166,988;
167,022;-0,105
167,055;
167,089;
167,122;
167,156;-0,101
167,189;
167,223;
167,256;
167,290;-9,996E-2
167,323;
167,357;
167,390;
167,424;-9,828E-2
167,457;
167,491;
167,524;
167,558;-9,536E-2
167,591;
167,625;
167,658;
167,692;-9,200E-2
167,725;
167,759;
167,792;
167,825;-9,030E-2
167,859;
167,892;
167,926;
167,959;-8,679E-2
167,993;
168,026;
168,060;
168,093;-8,335E-2
168,127;
168,160;
168,194;
168,227;-8,096E-2
168,261;
168,294;
168,328;
168,361;-7,665E-2
168,395;
168,428;
168,462;
168,495;-7,440E-2
168,529;
168,562;
168,596;
168,629;-7,071E-2
168,663;
168,696;
168,730;
168,763;-6,680E-2
168,797;
168,830;
168,864;
168,897;-6,417E-2
168,930;
168,964;
168,997;
169,031;-5,800E-2
169,064;
169,098;
169,131;
169,165;-5,425E-2
169,198;
169,232;
169,265;
169,299;-5,211E-2
169,332;
169,366;
169,399;
169,433;-4,780E-2
169,466;
169,500;
169,533;
169,567;-4,357E-2
169,600;
169,634;
169,667;
169,701;-4,019E-2
169,734;
169,768;
169,801;
169,835;-3,690E-2
169,868;
169,902;
169,935;
169,969;-3,221E-2
170,002;
170,035;
170,069;
170,102;-2,775E-2
170,136;
170,169;
170,203;
170,236;-2,307E-2
170,270;
170,303;
170,337;
170,370;-1,969E-2
170,404;
170,437;
170,471;
170,504;-1,508E-2
170,538;
170,571;
170,605;
170,638;-1,022E-2
170,672;
170,705;
170,739;
170,772;-3,992E-3
170,806;
170,839;
170,873;
170,906;9,379E-4
170,940;
170,973;
171,007;
171,040;3,087E-3
171,074;
171,107;
171,140;
171,174;7,381E-3
171,207;
171,241;
171,274;
171,308;1,060E-2
171,341;
171,375;
171,408;
171,442;1,439E-2
171,475;
171,509;
171,542;
171,576;1,958E-2
171,609;
171,643;
171,676;
171,710;2,425E-2
171,743;
171,777;
171,810;
171,844;2,905E-2
171,877;
171,911;
171,944;
171,978;3,403E-2
172,011;
172,045;
172,078;
172,112;3,854E-2
172,145;
172,179;
172,212;
172,245;4,368E-2
172,279;
172,312;
172,346;
172,379;4,806E-2
172,413;
172,446;
172,480;
172,513;5,236E-2
172,547;
172,580;
172,614;
172,647;5,645E-2
172,681;
172,714;
172,748;
172,781;6,048E-2
172,815;
172,848;
172,882;
172,915;6,452E-2
172,949;
172,982;
173,016;
173,049;6,853E-2
173,083;
173,116;
173,150;
173,183;7,240E-2
173,217;
173,250;
173,284;
173,317;7,591E-2
173,350;
173,384;
173,417;
173,451;7,960E-2
173,484;
173,518;
173,551;
173,585;8,309E-2
173,618;
173,652;
173,685;
173,719;8,645E-2
173,752;
173,786;
173,819;
173,853;8,976E-2
173,886;
173,920;
173,953;
173,987;9,288E-2
174,020;
174,054;
174,087;
174,121;9,607E-2
174,154;
174,188;
174,221;
174,255;9,900E-2
174,288;
174,322;
174,355;
174,388;0,102
174,422;
174,455;
174,489;
174,522;0,104
174,556;
174,589;
174,623;
174,656;0,109
174,690;
174,723;
174,757;
174,790;0,112
174,824;
174,857;
174,891;
174,924;0,114
174,958;
174,991;
175,025;
175,058;0,116
175,092;
175,125;
175,159;
175,192;0,118
175,226;
175,259;
175,293;
175,326;0,120
175,360;
175,393;
175,427;
175,460;0,122
175,493;
175,527;
175,560;
175,594;0,124
175,627;
175,661;
175,694;
175,728;0,125
175,761;
175,795;
175,828;
175,862;0,127
175,895;
175,929;
175,962;
175,996;0,128
176,029;
176,063;
176,096;
176,130;0,129
176,163;
176,197;
176,230;
176,264;0,130
176,297;
176,331;
176,364;
176,398;0,131
176,431;
176,465;
176,498;
176,532;0,131
176,565;
176,598;
176,632;
176,665;0,132
176,699;
176,732;
176,766;
176,799;0,132
176,833;
176,866;
176,900;
176,933;0,133
176,967;
177,000;
177,034;
177,067;0,133
177,101;
177,134;
177,168;
177,201;0,132
177,235;
177,268;
177,302;
177,335;0,132
177,369;
177,402;
177,436;
177,469;0,132
177,503;
177,536;
177,570;
177,603;0,131
177,637;
177,670;
177,703;
177,737;0,131
177,770;
177,804;
177,837;
177,871;0,130
177,904;
177,938;
177,971;
178,005;0,129
178,038;
178,072;
178,105;
178,139;0,128
178,172;
178,206;
178,239;
178,273;0,126
178,306;
178,340;
178,373;
178,407;0,125
178,440;
178,474;
178,507;
178,541;0,124
178,574;
178,608;
178,641;
178,675;0,122
178,708;
178,742;
178,775;
178,808;0,120
178,842;
178,875;
178,909;
178,942;0,118
178,976;
179,009;
179,043;
179,076;0,116
179,110;
179,143;
179,177;
179,210;0,114
179,244;
179,277;
179,311;
179,344;0,111
179,378;
179,411;
179,445;
179,478;0,108
179,512;
179,545;
179,579;
179,612;0,106
179,646;
179,679;
179,713;
179,746;0,103
179,780;
179,813;
179,847;
179,880;9,961E-2
179,913;
179,947;
179,980;
180,014;9,630E-2
180,047;
180,081;
180,114;
180,148;9,287E-2
180,181;
180,215;
180,248;
180,282;8,985E-2
180,315;
180,349;
180,382;
180,416;8,660E-2
180,449;
180,483;
180,516;
180,550;8,259E-2
180,583;
180,617;
180,650;
180,684;7,890E-2
180,717;
180,751;
180,784;
180,818;7,545E-2
180,851;
180,885;
180,918;
180,952;7,162E-2
180,985;
181,018;
181,052;
181,085;6,786E-2
181,119;
181,152;
181,186;
181,219;6,370E-2
181,253;
181,286;
181,320;
181,353;6,002E-2
181,387;
181,420;
181,454;
181,487;5,660E-2
181,521;
181,554;
181,588;
181,621;5,119E-2
181,655;
181,688;
181,722;
181,755;4,595E-2
181,789;
181,822;
181,856;
181,889;4,169E-2
181,923;
181,956;
181,990;
182,023;3,779E-2
182,057;
182,090;
182,123;
182,157;3,330E-2
182,190;
182,224;
182,257;
182,291;3,049E-2
182,324;
182,358;
182,391;
182,425;2,795E-2
182,458;
182,492;
182,525;
182,559;2,213E-2
182,592;
182,626;
182,659;
182,693;1,872E-2
182,726;
182,760;
182,793;
182,827;1,297E-2
182,860;
182,894;
182,927;
182,961;7,695E-3
182,994;
183,028;
183,061;
183,095;3,252E-3
183,128;
183,161;
183,195;
183,228;-2,195E-5
183,262;
183,295;
183,329;
183,362;-4,418E-3
183,396;
183,429;
183,463;
183,496;-8,618E-3
183,530;
183,563;
183,597;
183,630;-1,312E-2
183,664;
183,697;
183,731;
183,764;-1,775E-2
183,798;
183,831;
183,865;
183,898;-2,259E-2
183,932;
183,965;
183,999;
184,032;-2,773E-2
184,066;
184,099;
184,133;
184,166;-3,232E-2
184,200;
184,233;
184,266;
184,300;-3,628E-2
184,333;
184,367;
184,400;
184,434;-3,875E-2
184,467;
184,501;
184,534;
184,568;-4,310E-2
184,601;
184,635;
184,668;
184,702;-4,704E-2
184,735;
184,769;
184,802;
184,836;-5,198E-2
184,869;
184,903;
184,936;
184,970;-5,565E-2
185,003;
185,037;
185,070;
185,104;-6,128E-2
185,137;
185,171;
185,204;
185,238;-6,494E-2
185,271;
185,305;
185,338;
185,371;-6,570E-2
185,405;
185,438;
185,472;
185,505;-6,983E-2
185,539;
185,572;
185,606;
185,639;-7,501E-2
185,673;
185,706;
185,740;
185,773;-7,877E-2
185,807;
185,840;
185,874;
185,907;-8,049E-2
185,941;
185,974;
186,008;
186,041;-8,441E-2
186,075;
186,108;
186,142;
186,175;-8,581E-2
186,209;
186,242;
186,276;
186,309;-8,897E-2
186,343;
186,376;
186,410;
186,443;-9,287E-2
186,476;
186,510;
186,543;
186,577;-9,439E-2
186,610;
186,644;
186,677;
186,711;-9,667E-2
186,744;
186,778;
186,811;
186,845;-0,100
186,878;
186,912;
186,945;
186,979;-0,102
187,012;
187,046;
187,079;
187,113;-0,105
187,146;
187,180;
187,213;
187,247;-0,107
187,280;
187,314;
187,347;
187,381;-0,109
187,414;
187,448;
187,481;
187,515;-0,111
187,548;
187,581;
187,615;
187,648;-0,110
187,682;
187,715;
187,749;
187,782;-0,111
187,816;
187,849;
187,883;
187,916;-0,114
187,950;
187,983;
188,017;
188,050;-0,116
188,084;
188,117;
188,151;
188,184;-0,117
188,218;
188,251;
188,285;
188,318;-0,118
188,352;
188,385;
188,419;
188,452;-0,118
188,486;
188,519;
188,553;
188,586;-0,117
188,620;
188,653;
188,686;
188,720;-0,118
188,753;
188,787;
188,820;
188,854;-0,118
188,887;
188,921;
188,954;
188,988;-0,118
189,021;
189,055;
189,088;
189,122;-0,118
189,155;
189,189;
189,222;
189,256;-0,118
189,289;
189,323;
189,356;
189,390;-0,118
189,423;
189,457;
189,490;
189,524;-0,117
189,557;
189,591;
189,624;
189,658;-0,117
189,691;
189,725;
189,758;
189,791;-0,115
189,825;
189,858;
189,892;
189,925;-0,115
189,959;
189,992;
190,026;
190,059;-0,114
190,093;
190,126;
190,160;
190,193;-0,113
190,227;
190,260;
190,294;
190,327;-0,111
190,361;
190,394;
190,428;
190,461;-0,109
190,495;
190,528;
190,562;
190,595;-0,109
190,629;
190,662;
190,696;
190,729;-0,106
190,763;
190,796;
190,830;
190,863;-0,104
190,896;
190,930;
190,963;
190,997;-0,101
191,030;
191,064;
191,097;
191,131;-0,100
191,164;
191,198;
191,231;
191,265;-9,744E-2
191,298;
191,332;
191,365;
191,399;-9,402E-2
191,432;
191,466;
191,499;
191,533;-9,264E-2
191,566;
191,600;
191,633;
191,667;-8,945E-2
191,700;
191,734;
191,767;
191,801;-8,569E-2
191,834;
191,868;
191,901;
191,934;-8,393E-2
191,968;
192,001;
192,035;
192,068;-7,977E-2
192,102;
192,135;
192,169;
192,202;-7,734E-2
192,236;
192,269;
192,303;
192,336;-7,379E-2
192,370;
192,403;
192,437;
192,470;-6,951E-2
192,504;
192,537;
192,571;
192,604;-6,475E-2
192,638;
192,671;
192,705;
192,738;-6,296E-2
192,772;
192,805;
192,839;
192,872;-5,962E-2
192,906;
192,939;
192,973;
193,006;-5,572E-2
193,039;
193,073;
193,106;
193,140;-5,096E-2
193,173;
193,207;
193,240;
193,274;-4,669E-2
193,307;
193,341;
193,374;
193,408;-4,320E-2
193,441;
193,475;
193,508;
193,542;-3,887E-2
193,575;
193,609;
193,642;
193,676;-3,241E-2
193,709;
193,743;
193,776;
193,810;-2,753E-2
193,843;
193,877;
193,910;
193,944;-2,648E-2
193,977;
194,011;
194,044;
194,078;-1,979E-2
194,111;
194,144;
194,178;
194,211;-1,824E-2
194,245;
194,278;
194,312;
194,345;-1,347E-2
194,379;
194,412;
194,446;
194,479;-8,699E-3
194,513;
194,546;
194,580;
194,613;-2,426E-3
194,647;
194,680;
194,714;
194,747;2,084E-3
194,781;
194,814;
194,848;
194,881;6,540E-3
194,915;
194,948;
194,982;
195,015;9,959E-3
195,049;
195,082;
195,116;
195,149;1,460E-2
195,183;
195,216;
195,249;
195,283;1,833E-2
195,316;
195,350;
195,383;
195,417;2,254E-2
195,450;
195,484;
195,517;
195,551;2,849E-2
195,584;
195,618;
195,651;
195,685;3,327E-2
195,718;
195,752;
195,785;
195,819;3,768E-2
195,852;
195,886;
195,919;
195,953;4,195E-2
195,986;
196,020;
196,053;
196,087;4,633E-2
196,120;
196,154;
196,187;
196,221;5,050E-2
196,254;
196,288;
196,321;
196,354;5,368E-2
196,388;
196,421;
196,455;
196,488;5,866E-2
196,522;
196,555;
196,589;
196,622;6,272E-2
196,656;
196,689;
196,723;
196,756;6,636E-2
196,790;
196,823;
196,857;
196,890;7,018E-2
196,924;
196,957;
196,991;
197,024;7,380E-2
197,058;
197,091;
197,125;
197,158;7,748E-2
197,192;
197,225;
197,259;
197,292;8,104E-2
197,326;
197,359;
197,393;
197,426;8,452E-2
197,459;
197,493;
197,526;
197,560;8,775E-2
197,593;
197,627;
197,660;
197,694;9,107E-2
197,727;
197,761;
197,794;
197,828;9,435E-2
197,861;
197,895;
197,928;
197,962;9,741E-2
197,995;
198,029;
198,062;
198,096;0,100
198,129;
198,163;
198,196;
198,230;0,103
198,263;
198,297;
198,330;
198,364;0,106
198,397;
198,431;
198,464;
198,498;0,108
198,531;
198,564;
198,598;
198,631;0,111
198,665;
198,698;
198,732;
198,765;0,113
198,799;
198,832;
198,866;
198,899;0,115
198,933;
198,966;
199,000;
199,033;0,117
199,067;
199,100;
199,134;
199,167;0,119
199,201;
199,234;
199,268;
199,301;0,120
199,335;
199,368;
199,402;
199,435;0,122
199,469;
199,502;
199,536;
199,569;0,123
199,603;
199,636;
199,669;
199,703;0,125
199,736;
199,770;
199,803;
199,837;0,126
199,870;
199,904;
199,937;
199,971;0,127
200,004;
200,038;
200,071;
200,105;0,128
200,138;
200,172;
200,205;
200,239;0,128
200,272;
200,306;
200,339;
200,373;0,129
200,406;
200,440;
200,473;
200,507;0,129
200,540;
200,574;
200,607;
200,641;0,130
200,674;
200,707;
200,741;
200,774;0,130
200,808;
200,841;
200,875;
200,908;0,130
200,942;
200,975;
201,009;
201,042;0,130
201,076;
201,109;
201,143;
201,176;0,130
201,210;
201,243;
201,277;
201,310;0,129
201,344;
201,377;
201,411;
201,444;0,129
201,478;
201,511;
201,545;
201,578;0,128
201,612;
201,645;
201,679;
201,712;0,127
201,746;
201,779;
201,812;
201,846;0,127
201,879;
201,913;
201,946;
201,980;0,125
202,013;
202,047;
202,080;
202,114;0,125
202,147;
202,181;
202,214;
202,248;0,122
202,281;
202,315;
202,348;
202,382;0,121
202,415;
202,449;
202,482;
202,516;0,120
202,549;
202,583;
202,616;
202,650;0,118
202,683;
202,717;
202,750;
202,784;0,116
202,817;
202,851;
202,884;
202,917;0,115
202,951;
202,984;
203,018;
203,051;0,112
203,085;
203,118;
203,152;
203,185;0,110
203,219;
203,252;
203,286;
203,319;0,107
203,353;
203,386;
203,420;
203,453;0,101
203,487;
203,520;
203,554;
203,587;9,823E-2
203,621;
203,654;
203,688;
203,721;9,498E-2
203,755;
203,788;
203,822;
203,855;9,157E-2
203,889;
203,922;
203,956;
203,989;8,844E-2
204,022;
204,056;
204,089;
204,123;8,511E-2
204,156;
204,190;
204,223;
204,257;8,155E-2
204,290;
204,324;
204,357;
204,391;7,802E-2
204,424;
204,458;
204,491;
204,525;7,436E-2
204,558;
204,592;
204,625;
204,659;7,055E-2
204,692;
204,726;
204,759;
204,793;6,669E-2
204,826;
204,860;
204,893;
204,927;6,286E-2
204,960;
204,994;
205,027;
205,061;5,890E-2
205,094;
205,127;
205,161;
205,194;5,507E-2
205,228;
205,261;
205,295;
205,328;5,096E-2
205,362;
205,395;
205,429;
205,462;4,702E-2
205,496;
205,529;
205,563;
205,596;4,274E-2
205,630;
205,663;
205,697;
205,730;3,875E-2
205,764;
205,797;
205,831;
205,864;3,474E-2
205,898;
205,931;
205,965;
205,998;3,045E-2
206,032;
206,065;
206,099;
206,132;2,503E-2
206,166;
206,199;
206,232;
206,266;2,071E-2
206,299;
206,333;
206,366;
206,400;1,725E-2
206,433;
206,467;
206,500;
206,534;1,166E-2
206,567;
206,601;
206,634;
206,668;7,503E-3
206,701;
206,735;
206,768;
206,802;3,452E-3
206,835;
206,869;
206,902;
206,936;-9,643E-4
206,969;
207,003;
207,036;
207,070;-4,773E-3
207,103;
207,137;
207,170;
207,204;-9,128E-3
207,237;
207,271;
207,304;
207,337;-1,284E-2
207,371;
207,404;
207,438;
207,471;-1,769E-2
207,505;
207,538;
207,572;
207,605;-2,114E-2
207,639;
207,672;
207,706;
207,739;-2,692E-2
207,773;
207,806;
207,840;
207,873;-3,071E-2
207,907;
207,940;
207,974;
208,007;-3,409E-2
208,041;
208,074;
208,108;
208,141;-3,902E-2
208,175;
208,208;
208,242;
208,275;-4,297E-2
208,309;
208,342;
208,376;
208,409;-4,762E-2
208,442;
208,476;
208,509;
208,543;-5,136E-2
208,576;
208,610;
208,643;
208,677;-5,470E-2
208,710;
208,744;
208,777;
208,811;-5,794E-2
208,844;
208,878;
208,911;
208,945;-6,186E-2
208,978;
209,012;
209,045;
209,079;-6,563E-2
209,112;
209,146;
209,179;
209,213;-6,896E-2
209,246;
209,280;
209,313;
209,347;-7,180E-2
209,380;
209,414;
209,447;
209,480;-7,556E-2
209,514;
209,547;
209,581;
209,614;-7,871E-2
209,648;
209,681;
209,715;
209,748;-8,116E-2
209,782;
209,815;
209,849;
209,882;-8,374E-2
209,916;
209,949;
209,983;
210,016;-8,621E-2
210,050;
210,083;
210,117;
210,150;-8,992E-2
210,184;
210,217;
210,251;
210,284;-9,216E-2
210,318;
210,351;
210,385;
210,418;-9,518E-2
210,452;
210,485;
210,519;
210,552;-9,685E-2
210,585;
210,619;
210,652;
210,686;-9,882E-2
210,719;
210,753;
210,786;
210,820;-0,101
210,853;
210,887;
210,920;
210,954;-0,103
210,987;
211,021;
211,054;
211,088;-0,105
211,121;
211,155;
211,188;
211,222;-0,107
211,255;
211,289;
211,322;
211,356;-0,108
211,389;
211,423;
211,456;
211,490;-0,110
211,523;
211,557;
211,590;
211,624;-0,111
211,657;
211,690;
211,724;
211,757;-0,113
211,791;
211,824;
211,858;
211,891;-0,113
211,925;
211,958;
211,992;
212,025;-0,114
212,059;
212,092;
212,126;
212,159;-0,115
212,193;
212,226;
212,260;
212,293;-0,116
212,327;
212,360;
212,394;
212,427;-0,117
212,461;
212,494;
212,528;
212,561;-0,117
212,595;
212,628;
212,662;
212,695;-0,115
212,729;
212,762;
212,795;
212,829;-0,116
212,862;
212,896;
212,929;
212,963;-0,113
212,996;
213,030;
213,063;
213,097;-0,112
213,130;
213,164;
213,197;
213,231;-0,110
213,264;
213,298;
213,331;
213,365;-0,109
213,398;
213,432;
213,465;
213,499;-0,107
213,532;
213,566;
213,599;
213,633;-0,105
213,666;
213,700;
213,733;
213,767;-0,103
213,800;
213,834;
213,867;
213,900;-0,101
213,934;
213,967;
214,001;
214,034;-9,964E-2
214,068;
214,101;
214,135;
214,168;-9,696E-2
214,202;
214,235;
214,269;
214,302;-9,379E-2
214,336;
214,369;
214,403;
214,436;-9,229E-2
214,470;
214,503;
214,537;
214,570;-8,907E-2
214,604;
214,637;
214,671;
214,704;-8,576E-2
214,738;
214,771;
214,805;
214,838;-8,381E-2
214,872;
214,905;
214,939;
214,972;-8,033E-2
215,005;
215,039;
215,072;
215,106;-7,539E-2
215,139;
215,173;
215,206;
215,240;-7,361E-2
215,273;
215,307;
215,340;
215,374;-7,052E-2
215,407;
215,441;
215,474;
215,508;-6,665E-2
215,541;
215,575;
215,608;
215,642;-6,412E-2
215,675;
215,709;
215,742;
215,776;-5,816E-2
215,809;
215,843;
215,876;
215,910;-5,423E-2
215,943;
215,977;
216,010;
216,044;-5,263E-2
216,077;
216,110;
216,144;
216,177;-4,850E-2
216,211;
216,244;
216,278;
216,311;-4,535E-2
216,345;
216,378;
216,412;
216,445;-4,098E-2
216,479;
216,512;
216,546;
216,579;-3,462E-2
216,613;
216,646;
216,680;
216,713;-3,043E-2
216,747;
216,780;
216,814;
216,847;-2,886E-2
216,881;
216,914;
216,948;
216,981;-2,462E-2
217,015;
217,048;
217,082;
217,115;-2,086E-2
217,149;
217,182;
217,215;
217,249;-1,610E-2
217,282;
217,316;
217,349;
217,383;-1,166E-2
217,416;
217,450;
217,483;
217,517;-5,806E-3
217,550;
217,584;
217,617;
217,651;-9,760E-4
217,684;
217,718;
217,751;
217,785;8,204E-4
217,818;
217,852;
217,885;
217,919;5,201E-3
217,952;
217,986;
218,019;
218,053;1,001E-2
218,086;
218,120;
218,153;
218,187;1,635E-2
218,220;
218,253;
218,287;
218,320;1,753E-2
218,354;
218,387;
218,421;
218,454;2,209E-2
218,488;
218,521;
218,555;
218,588;2,668E-2
218,622;
218,655;
218,689;
218,722;3,120E-2
218,756;
218,789;
218,823;
218,856;3,547E-2
218,890;
218,923;
218,957;
218,990;3,971E-2
219,024;
219,057;
219,091;
219,124;4,367E-2
219,158;
219,191;
219,225;
219,258;4,777E-2
219,292;
219,325;
219,358;
219,392;5,053E-2
219,425;
219,459;
219,492;
219,526;5,426E-2
219,559;
219,593;
219,626;
219,660;5,829E-2
219,693;
219,727;
219,760;
219,794;6,230E-2
219,827;
219,861;
219,894;
219,928;6,564E-2
219,961;
219,995;
220,028;
220,062;6,954E-2
220,095;
220,129;
220,162;
220,196;7,278E-2
220,229;
220,263;
220,296;
220,330;7,644E-2
220,363;
220,397;
220,430;
220,463;7,960E-2
220,497;
220,530;
220,564;
220,597;8,307E-2
220,631;
220,664;
220,698;
220,731;8,630E-2
220,765;
220,798;
220,832;
220,865;8,940E-2
220,899;
220,932;
220,966;
220,999;9,222E-2
221,033;
221,066;
221,100;
221,133;9,522E-2
221,167;
221,200;
221,234;
221,267;9,783E-2
221,301;
221,334;
221,368;
221,401;0,100
221,435;
221,468;
221,502;
221,535;0,103
221,568;
221,602;
221,635;
221,669;0,105
221,702;
221,736;
221,769;
221,803;0,108
221,836;
221,870;
221,903;
221,937;0,110
221,970;
222,004;
222,037;
222,071;0,111
222,104;
222,138;
222,171;
222,205;0,114
222,238;
222,272;
222,305;
222,339;0,115
222,372;
222,406;
222,439;
222,473;0,117
222,506;
222,540;
222,573;
222,607;0,119
222,640;
222,673;
222,707;
222,740;0,120
222,774;
222,807;
222,841;
222,874;0,121
222,908;
222,941;
222,975;
223,008;0,122
223,042;
223,075;
223,109;
223,142;0,123
223,176;
223,209;
223,243;
223,276;0,124
223,310;
223,343;
223,377;
223,410;0,125
223,444;
223,477;
223,511;
223,544;0,125
223,578;
223,611;
223,645;
223,678;0,126
223,712;
223,745;
223,778;
223,812;0,126
223,845;
223,879;
223,912;
223,946;0,126
223,979;
224,013;
224,046;
224,080;0,126
224,113;
224,147;
224,180;
224,214;0,127
224,247;
224,281;
224,314;
224,348;0,126
224,381;
224,415;
224,448;
224,482;0,125
224,515;
224,549;
224,582;
224,616;0,125
224,649;
224,683;
224,716;
224,750;0,124
224,783;
224,817;
224,850;
224,883;0,123
224,917;
224,950;
224,984;
225,017;0,122
225,051;
225,084;
225,118;
225,151;0,121
225,185;
225,218;
225,252;
225,285;0,120
225,319;
225,352;
225,386;
225,419;0,118
225,453;
225,486;
225,520;
225,553;0,116
225,587;
225,620;
225,654;
225,687;0,114
225,721;
225,754;
225,788;
225,821;0,112
225,855;
225,888;
225,922;
225,955;0,109
225,988;
226,022;
226,055;
226,089;0,107
226,122;
226,156;
226,189;
226,223;0,105
226,256;
226,290;
226,323;
226,357;0,103
226,390;
226,424;
226,457;
226,491;9,990E-2
226,524;
226,558;
226,591;
226,625;9,677E-2
226,658;
226,692;
226,725;
226,759;9,415E-2
226,792;
226,826;
226,859;
226,893;9,071E-2
226,926;
226,960;
226,993;
227,027;8,712E-2
227,060;
227,093;
227,127;
227,160;8,350E-2
227,194;
227,227;
227,261;
227,294;7,996E-2
227,328;
227,361;
227,395;
227,428;7,658E-2
227,462;
227,495;
227,529;
227,562;7,310E-2
227,596;
227,629;
227,663;
227,696;6,925E-2
227,730;
227,763;
227,797;
227,830;6,587E-2
227,864;
227,897;
227,931;
227,964;6,225E-2
227,998;
228,031;
228,065;
228,098;5,830E-2
228,131;
228,165;
228,198;
228,232;5,480E-2
228,265;
228,299;
228,332;
228,366;5,066E-2
228,399;
228,433;
228,466;
228,500;4,677E-2
228,533;
228,567;
228,600;
228,634;4,263E-2
228,667;
228,701;
228,734;
228,768;3,881E-2
228,801;
228,835;
228,868;
228,902;3,434E-2
228,935;
228,969;
229,002;
229,036;3,155E-2
229,069;
229,103;
229,136;
229,170;2,575E-2
229,203;
229,236;
229,270;
229,303;2,294E-2
229,337;
229,370;
229,404;
229,437;1,844E-2
229,471;
229,504;
229,538;
229,571;1,536E-2
229,605;
229,638;
229,672;
229,705;9,388E-3
229,739;
229,772;
229,806;
229,839;5,841E-3
229,873;
229,906;
229,940;
229,973;1,125E-3
230,007;
230,040;
230,074;
230,107;-2,658E-3
230,141;
230,174;
230,208;
230,241;-7,281E-3
230,275;
230,308;
230,341;
230,375;-1,109E-2
230,408;
230,442;
230,475;
230,509;-1,554E-2
230,542;
230,576;
230,609;
230,643;-2,056E-2
230,676;
230,710;
230,743;
230,777;-2,361E-2
230,810;
230,844;
230,877;
230,911;-2,780E-2
230,944;
230,978;
231,011;
231,045;-3,288E-2
231,078;
231,112;
231,145;
231,179;-3,714E-2
231,212;
231,246;
231,279;
231,313;-4,074E-2
231,346;
231,380;
231,413;
231,446;-4,573E-2
231,480;
231,513;
231,547;
231,580;-4,931E-2
231,614;
231,647;
231,681;
231,714;-5,280E-2
231,748;
231,781;
231,815;
231,848;-5,623E-2
231,882;
231,915;
231,949;
231,982;-6,039E-2
232,016;
232,049;
232,083;
232,116;-6,361E-2
232,150;
232,183;
232,217;
232,250;-6,700E-2
232,284;
232,317;
232,351;
232,384;-7,220E-2
232,418;
232,451;
232,485;
232,518;-7,484E-2
232,551;
232,585;
232,618;
232,652;-7,901E-2
232,685;
232,719;
232,752;
232,786;-8,230E-2
232,819;
232,853;
232,886;
232,920;-8,517E-2
232,953;
232,987;
233,020;
233,054;-8,770E-2
233,087;
233,121;
233,154;
233,188;-9,039E-2
233,221;
233,255;
233,288;
233,322;-9,286E-2
233,355;
233,389;
233,422;
233,456;-9,530E-2
233,489;
233,523;
233,556;
233,590;-9,869E-2
233,623;
233,656;
233,690;
233,723;-0,101
233,757;
233,790;
233,824;
233,857;-0,102
233,891;
233,924;
233,958;
233,991;-0,104
234,025;
234,058;
234,092;
234,125;-0,107
234,159;
234,192;
234,226;
234,259;-0,109
234,293;
234,326;
234,360;
234,393;-0,110
234,427;
234,460;
234,494;
234,527;-0,111
234,561;
234,594;
234,628;
234,661;-0,113
234,695;
234,728;
234,761;
234,795;-0,114
234,828;
234,862;
234,895;
234,929;-0,115
234,962;
234,996;
235,029;
235,063;-0,117
235,096;
235,130;
235,163;
235,197;-0,117
235,230;
235,264;
235,297;
235,331;-0,117
235,364;
235,398;
235,431;
235,465;-0,118
235,498;
235,532;
235,565;
235,599;-0,118
235,632;
235,666;
235,699;
235,733;-0,118
235,766;
235,800;
235,833;
235,866;-0,118
235,900;
235,933;
235,967;
236,000;-0,118
236,034;
236,067;
236,101;
236,134;-0,118
236,168;
236,201;
236,235;
236,268;-0,117
236,302;
236,335;
236,369;
236,402;-0,117
236,436;
236,469;
236,503;
236,536;-0,116
236,570;
236,603;
236,637;
236,670;-0,115
236,704;
236,737;
236,771;
236,804;-0,114
236,838;
236,871;
236,904;
236,938;-0,112
236,971;
237,005;
237,038;
237,072;-0,111
237,105;
237,139;
237,172;
237,206;-0,109
237,239;
237,273;
237,306;
237,340;-0,106
237,373;
237,407;
237,440;
237,474;-0,104
237,507;
237,541;
237,574;
237,608;-0,104
237,641;
237,675;
237,708;
237,742;-0,102
237,775;
237,809;
237,842;
237,876;-9,872E-2
237,909;
237,943;
237,976;
238,009;-9,626E-2
238,043;
238,076;
238,110;
238,143;-9,468E-2
238,177;
238,210;
238,244;
238,277;-9,207E-2
238,311;
238,344;
238,378;
238,411;-8,853E-2
238,445;
238,478;
238,512;
238,545;-8,465E-2
238,579;
238,612;
238,646;
238,679;-8,307E-2
238,713;
238,746;
238,780;
238,813;-7,939E-2
238,847;
238,880;
238,914;
238,947;-7,711E-2
238,981;
239,014;
239,048;
239,081;-7,290E-2
239,114;
239,148;
239,181;
239,215;-6,918E-2
239,248;
239,282;
239,315;
239,349;-6,692E-2
239,382;
239,416;
239,449;
239,483;-6,237E-2
239,516;
239,550;
239,583;
239,617;-5,961E-2
239,650;
239,684;
239,717;
239,751;-5,607E-2
239,784;
239,818;
239,851;
239,885;-5,238E-2
239,918;
239,952;
239,985;
240,019;-4,616E-2
240,052;
240,086;
240,119;
240,153;-4,400E-2
240,186;
240,219;
240,253;
240,286;-3,943E-2
240,320;
240,353;
240,387;
240,420;-3,369E-2
240,454;
240,487;
240,521;
240,554;-2,900E-2
240,588;
240,621;
240,655;
240,688;-2,730E-2
240,722;
240,755;
240,789;
240,822;-2,269E-2
240,856;
240,889;
240,923;
240,956;-1,815E-2
240,990;
241,023;
241,057;
241,090;-1,491E-2
241,124;
241,157;
241,191;
241,224;-1,017E-2
241,258;
241,291;
241,324;
241,358;-2,310E-3
241,391;
241,425;
241,458;
241,492;1,968E-3
241,525;
241,559;
241,592;
241,626;4,863E-3
241,659;
241,693;
241,726;
241,760;7,059E-3
241,793;
241,827;
241,860;
241,894;1,332E-2
241,927;
241,961;
241,994;
242,028;1,712E-2
242,061;
242,095;
242,128;
242,162;2,155E-2
