;massa A;
t;x;
0,000;-5,905E-2
0,033;-5,850E-2
0,067;-5,730E-2
0,100;-5,683E-2
0,133;-5,563E-2
0,167;-5,511E-2
0,200;-5,387E-2
0,234;-5,316E-2
0,267;-5,272E-2
0,300;-5,151E-2
0,334;-5,137E-2
0,367;-5,006E-2
0,400;-4,912E-2
0,434;-4,825E-2
0,467;-4,730E-2
0,501;-4,619E-2
0,534;-4,540E-2
0,567;-4,435E-2
0,601;-4,372E-2
0,634;-4,284E-2
0,667;-4,195E-2
0,701;-4,120E-2
0,734;-4,024E-2
0,768;-3,936E-2
0,801;-3,833E-2
0,834;-3,734E-2
0,868;-3,644E-2
0,901;-3,548E-2
0,934;-3,466E-2
0,968;-3,358E-2
1,001;-3,282E-2
1,035;-3,174E-2
1,068;-3,033E-2
1,101;-2,930E-2
1,135;-2,814E-2
1,168;-2,704E-2
1,201;-2,632E-2
1,235;-2,519E-2
1,268;-2,424E-2
1,302;-2,335E-2
1,335;-2,218E-2
1,368;-2,126E-2
1,402;-2,029E-2
1,435;-1,943E-2
1,468;-1,767E-2
1,502;-1,670E-2
1,535;-1,614E-2
1,569;-1,499E-2
1,602;-1,405E-2
1,635;-1,305E-2
1,669;-1,200E-2
1,702;-1,082E-2
1,735;-9,789E-3
1,769;-8,857E-3
1,802;-7,746E-3
1,836;-6,566E-3
1,869;-5,414E-3
1,902;-3,962E-3
1,936;-2,915E-3
1,969;-1,750E-3
2,002;-6,027E-4
2,036;7,906E-4
2,069;1,922E-3
2,103;3,032E-3
2,136;3,704E-3
2,169;4,785E-3
2,203;6,001E-3
2,236;7,158E-3
2,269;8,356E-3
2,303;9,322E-3
2,336;1,039E-2
2,370;1,143E-2
2,403;1,266E-2
2,436;1,378E-2
2,470;1,500E-2
2,503;1,615E-2
2,536;1,764E-2
2,570;1,866E-2
2,603;1,979E-2
2,637;2,100E-2
2,670;2,220E-2
2,703;2,333E-2
2,737;2,454E-2
2,770;2,550E-2
2,803;2,657E-2
2,837;2,766E-2
2,870;2,816E-2
2,904;2,934E-2
2,937;3,059E-2
2,970;3,178E-2
3,004;3,297E-2
3,037;3,415E-2
3,070;3,525E-2
3,104;3,641E-2
3,137;3,737E-2
3,171;3,832E-2
3,204;3,965E-2
3,237;4,079E-2
3,271;4,195E-2
3,304;4,311E-2
3,337;4,431E-2
3,371;4,551E-2
3,404;4,671E-2
3,438;4,792E-2
3,471;4,823E-2
3,504;4,928E-2
3,538;5,035E-2
3,571;5,157E-2
3,604;5,280E-2
3,638;5,398E-2
3,671;5,518E-2
3,705;5,629E-2
3,738;5,670E-2
3,771;5,773E-2
3,805;5,929E-2
3,838;6,041E-2
3,871;6,121E-2
3,905;6,230E-2
3,938;6,354E-2
3,972;6,467E-2
4,005;6,560E-2
4,038;6,623E-2
4,072;6,726E-2
4,105;6,899E-2
4,138;7,014E-2
4,172;7,100E-2
4,205;7,215E-2
4,238;7,319E-2
4,272;7,199E-2
4,305;7,300E-2
4,339;7,402E-2
4,372;7,502E-2
4,405;7,568E-2
4,439;7,700E-2
4,472;7,744E-2
4,505;7,858E-2
4,539;7,879E-2
4,572;7,937E-2
4,606;8,098E-2
4,639;8,246E-2
4,672;8,337E-2
4,706;8,433E-2
4,739;8,456E-2
4,772;8,570E-2
4,806;8,621E-2
4,839;8,717E-2
4,873;8,741E-2
4,906;8,860E-2
4,939;8,950E-2
4,973;9,188E-2
5,006;9,181E-2
5,039;9,254E-2
5,073;9,429E-2
5,106;9,450E-2
5,140;9,502E-2
5,173;9,607E-2
5,206;9,669E-2
5,240;9,747E-2
5,273;9,845E-2
5,306;9,944E-2
5,340;0,101
5,373;0,101
5,407;0,102
5,440;0,103
5,473;0,104
5,507;0,105
5,540;0,105
5,573;0,106
5,607;0,107
5,640;0,108
5,674;0,109
5,707;0,109
5,740;0,110
5,774;0,110
5,807;0,111
5,840;0,112
5,874;0,113
5,907;0,114
5,941;0,114
5,974;0,115
6,007;0,116
6,041;0,117
6,074;0,117
6,107;0,117
6,141;0,118
6,174;0,119
6,208;0,120
6,241;0,121
6,274;0,121
6,308;0,122
6,341;0,123
6,374;0,123
6,408;0,123
6,441;0,124
6,475;0,124
6,508;0,125
6,541;0,125
6,575;0,127
6,608;0,127
6,641;0,128
6,675;0,128
6,708;0,129
6,742;0,129
6,775;0,130
6,808;0,130
6,842;0,131
6,875;0,132
6,908;0,132
6,942;0,133
6,975;0,133
7,009;0,134
7,042;0,134
7,075;0,135
7,109;0,135
7,142;0,136
7,175;0,136
7,209;0,136
7,242;0,136
7,276;0,137
7,309;0,137
7,342;0,137
7,376;0,139
7,409;0,139
7,442;0,139
7,476;0,140
7,509;0,140
7,543;0,140
7,576;0,141
7,609;0,141
7,643;0,142
7,676;0,142
7,709;0,142
7,743;0,142
7,776;0,143
7,810;0,143
7,843;0,143
7,876;0,144
7,910;0,144
7,943;0,144
7,976;0,144
8,010;0,145
8,043;0,145
8,077;0,145
8,110;0,145
8,143;0,145
8,177;0,146
8,210;0,146
8,243;0,146
8,277;0,146
8,310;0,147
8,343;0,147
8,377;0,147
8,410;0,147
8,444;0,147
8,477;0,147
8,510;0,147
8,544;0,147
8,577;0,148
8,610;0,148
8,644;0,148
8,677;0,148
8,711;0,148
8,744;0,148
8,777;0,148
8,811;0,148
8,844;0,148
8,877;0,148
8,911;0,148
8,944;0,148
8,978;0,148
9,011;0,148
9,044;0,148
9,078;0,148
9,111;0,148
9,144;0,148
9,178;0,148
9,211;0,148
9,245;0,148
9,278;0,148
9,311;0,148
9,345;0,147
9,378;0,147
9,411;0,147
9,445;0,147
9,478;0,147
9,512;0,146
9,545;0,146
9,578;0,146
9,612;0,146
9,645;0,146
9,678;0,146
9,712;0,145
9,745;0,145
9,779;0,145
9,812;0,144
9,845;0,144
9,879;0,143
9,912;0,143
9,945;0,143
9,979;0,143
10,012;0,142
10,046;0,142
10,079;0,142
10,112;0,142
10,146;0,141
10,179;0,141
10,212;0,140
10,246;0,140
10,279;0,140
10,313;0,140
10,346;0,139
10,379;0,139
10,413;0,138
10,446;0,137
10,479;0,136
10,513;0,136
10,546;0,135
10,580;0,135
10,613;0,135
10,646;0,134
10,680;0,134
10,713;0,134
10,746;0,133
10,780;0,133
10,813;0,133
10,847;0,131
10,880;0,131
10,913;0,130
10,947;0,129
10,980;0,129
11,013;0,128
11,047;0,128
11,080;0,128
11,114;0,127
11,147;0,127
11,180;0,124
11,214;0,124
11,247;0,124
11,280;0,123
11,314;0,123
11,347;0,122
11,381;0,121
11,414;0,121
11,447;0,119
11,481;0,120
11,514;0,118
11,547;0,117
11,581;0,117
11,614;0,117
11,648;0,116
11,681;0,116
11,714;0,115
11,748;0,114
11,781;0,113
11,814;0,113
11,848;0,112
11,881;0,111
11,915;0,110
11,948;0,110
11,981;0,109
12,015;0,107
12,048;0,106
12,081;0,106
12,115;0,105
12,148;0,104
12,182;0,104
12,215;0,103
12,248;0,102
12,282;0,101
12,315;0,100
12,348;9,944E-2
12,382;9,891E-2
12,415;9,801E-2
12,448;9,703E-2
12,482;9,645E-2
12,515;9,544E-2
12,549;9,448E-2
12,582;9,331E-2
12,615;9,288E-2
12,649;9,186E-2
12,682;9,098E-2
12,715;9,050E-2
12,749;8,943E-2
12,782;8,843E-2
12,816;8,766E-2
12,849;8,717E-2
12,882;8,592E-2
12,916;8,478E-2
12,949;8,376E-2
12,982;8,290E-2
13,016;8,142E-2
13,049;8,090E-2
13,083;8,028E-2
13,116;7,928E-2
13,149;7,879E-2
13,183;7,764E-2
13,216;7,629E-2
13,249;7,536E-2
13,283;7,493E-2
13,316;7,396E-2
13,350;7,250E-2
13,383;7,049E-2
13,416;7,035E-2
13,450;6,914E-2
13,483;6,819E-2
13,516;6,690E-2
13,550;6,650E-2
13,583;6,581E-2
13,617;6,446E-2
13,650;6,335E-2
13,683;6,294E-2
13,717;6,198E-2
13,750;6,059E-2
13,783;5,967E-2
13,817;5,835E-2
13,850;5,740E-2
13,884;5,649E-2
13,917;5,578E-2
13,950;5,459E-2
13,984;5,360E-2
14,017;5,247E-2
14,050;5,115E-2
14,084;5,041E-2
14,117;4,914E-2
14,151;4,821E-2
14,184;4,721E-2
14,217;4,603E-2
14,251;4,520E-2
14,284;4,393E-2
14,317;4,308E-2
14,351;4,210E-2
14,384;4,109E-2
14,418;3,942E-2
14,451;3,893E-2
14,484;3,715E-2
14,518;3,662E-2
14,551;3,569E-2
14,584;3,454E-2
14,618;3,327E-2
14,651;3,222E-2
14,685;3,083E-2
14,718;3,064E-2
14,751;2,906E-2
14,785;2,836E-2
14,818;2,687E-2
14,851;2,591E-2
14,885;2,465E-2
14,918;2,369E-2
14,952;2,283E-2
14,985;2,124E-2
15,018;2,093E-2
15,052;1,950E-2
15,085;1,894E-2
15,118;1,773E-2
15,152;1,649E-2
15,185;1,538E-2
15,219;1,465E-2
15,252;1,390E-2
15,285;1,206E-2
15,319;1,135E-2
15,352;9,720E-3
15,385;8,731E-3
15,419;7,972E-3
15,452;7,372E-3
15,486;6,029E-3
15,519;5,374E-3
15,552;3,990E-3
15,586;2,975E-3
15,619;2,683E-3
15,652;1,242E-3
15,686;2,602E-4
15,719;-5,050E-4
15,753;-2,385E-3
15,786;-2,948E-3
15,819;-3,450E-3
15,853;-4,087E-3
15,886;-5,896E-3
15,919;-6,621E-3
15,953;-7,402E-3
15,986;-8,554E-3
16,020;-9,771E-3
16,053;-1,008E-2
16,086;-1,085E-2
16,120;-1,207E-2
16,153;-1,335E-2
16,186;-1,455E-2
16,220;-1,578E-2
16,253;-1,655E-2
16,287;-1,717E-2
16,320;-1,806E-2
16,353;-1,884E-2
16,387;-1,974E-2
16,420;-2,107E-2
16,453;-2,181E-2
16,487;-2,298E-2
16,520;-2,367E-2
16,553;-2,494E-2
16,587;-2,495E-2
16,620;-2,628E-2
16,654;-2,705E-2
16,687;-2,830E-2
16,720;-2,929E-2
16,754;-2,995E-2
16,787;-3,109E-2
16,820;-3,151E-2
16,854;-3,240E-2
16,887;-3,301E-2
16,921;-3,451E-2
16,954;-3,480E-2
16,987;-3,603E-2
17,021;-3,654E-2
17,054;-3,763E-2
17,087;-3,837E-2
17,121;-3,936E-2
17,154;-4,025E-2
17,188;-4,119E-2
17,221;-4,135E-2
17,254;-4,244E-2
17,288;-4,338E-2
17,321;-4,376E-2
17,354;-4,455E-2
17,388;-4,577E-2
17,421;-4,674E-2
17,455;-4,733E-2
17,488;-4,827E-2
17,521;-4,893E-2
17,555;-4,939E-2
17,588;-5,018E-2
17,621;-5,228E-2
17,655;-5,322E-2
17,688;-5,345E-2
17,722;-5,411E-2
17,755;-5,431E-2
17,788;-5,566E-2
17,822;-5,610E-2
17,855;-5,690E-2
17,888;-5,758E-2
17,922;-5,867E-2
17,955;-5,900E-2
17,989;-5,969E-2
18,022;-6,007E-2
18,055;-6,037E-2
18,089;-6,146E-2
18,122;-6,233E-2
18,155;-6,269E-2
18,189;-6,327E-2
18,222;-6,390E-2
18,256;-6,471E-2
18,289;-6,528E-2
18,322;-6,569E-2
18,356;-6,650E-2
18,389;-6,689E-2
18,422;-6,738E-2
18,456;-6,807E-2
18,489;-6,862E-2
18,523;-6,868E-2
18,556;-7,023E-2
18,589;-7,077E-2
18,623;-7,146E-2
18,656;-7,172E-2
18,689;-7,205E-2
18,723;-7,242E-2
18,756;-7,298E-2
18,790;-7,325E-2
18,823;-7,451E-2
18,856;-7,483E-2
18,890;-7,552E-2
18,923;-7,572E-2
18,956;-7,591E-2
18,990;-7,662E-2
19,023;-7,682E-2
19,057;-7,727E-2
19,090;-7,743E-2
19,123;-7,804E-2
19,157;-7,852E-2
19,190;-7,931E-2
19,223;-7,907E-2
19,257;-7,923E-2
19,290;-8,008E-2
19,324;-8,042E-2
19,357;-8,101E-2
19,390;-8,166E-2
19,424;-8,184E-2
19,457;-8,200E-2
19,490;-8,213E-2
19,524;-8,251E-2
19,557;-8,249E-2
19,591;-8,282E-2
19,624;-8,337E-2
19,657;-8,381E-2
19,691;-8,377E-2
19,724;-8,430E-2
19,757;-8,471E-2
19,791;-8,496E-2
19,824;-8,501E-2
19,858;-8,541E-2
19,891;-8,575E-2
19,924;-8,582E-2
19,958;-8,635E-2
19,991;-8,653E-2
20,024;-8,699E-2
20,058;-8,729E-2
20,091;-8,732E-2
20,125;-8,740E-2
20,158;-8,741E-2
20,191;-8,766E-2
20,225;-8,783E-2
20,258;-8,781E-2
20,291;-8,859E-2
20,325;-8,857E-2
20,358;-8,873E-2
20,392;-8,882E-2
20,425;-8,896E-2
20,458;-8,898E-2
20,492;-8,887E-2
20,525;-8,901E-2
20,558;-8,889E-2
20,592;-8,910E-2
20,625;-8,890E-2
20,658;-8,913E-2
20,692;-8,915E-2
20,725;-8,916E-2
20,759;-8,911E-2
20,792;-8,925E-2
20,825;-8,923E-2
20,859;-8,918E-2
20,892;-8,913E-2
20,925;-8,914E-2
20,959;-8,909E-2
20,992;-8,908E-2
21,026;-8,910E-2
21,059;-8,911E-2
21,092;-8,885E-2
21,126;-8,885E-2
21,159;-8,881E-2
21,192;-8,873E-2
21,226;-8,874E-2
21,259;-8,871E-2
21,293;-8,861E-2
21,326;-8,828E-2
21,359;-8,812E-2
21,393;-8,816E-2
21,426;-8,798E-2
21,459;-8,768E-2
21,493;-8,726E-2
21,526;-8,736E-2
21,560;-8,709E-2
21,593;-8,689E-2
21,626;-8,654E-2
21,660;-8,673E-2
21,693;-8,634E-2
21,726;-8,627E-2
21,760;-8,600E-2
21,793;-8,573E-2
21,827;-8,572E-2
21,860;-8,531E-2
21,893;-8,509E-2
21,927;-8,488E-2
21,960;-8,439E-2
21,993;-8,395E-2
22,027;-8,399E-2
22,060;-8,362E-2
22,094;-8,318E-2
22,127;-8,288E-2
22,160;-8,253E-2
22,194;-8,230E-2
22,227;-8,169E-2
22,260;-8,125E-2
22,294;-8,102E-2
22,327;-8,048E-2
22,361;-7,995E-2
22,394;-7,943E-2
22,427;-7,886E-2
22,461;-7,835E-2
22,494;-7,812E-2
22,527;-7,791E-2
22,561;-7,718E-2
22,594;-7,657E-2
22,628;-7,597E-2
22,661;-7,587E-2
22,694;-7,506E-2
22,728;-7,465E-2
22,761;-7,406E-2
22,794;-7,359E-2
22,828;-7,269E-2
22,861;-7,241E-2
22,895;-7,159E-2
22,928;-7,148E-2
22,961;-7,155E-2
22,995;-7,105E-2
23,028;-7,033E-2
23,061;-6,996E-2
23,095;-6,932E-2
23,128;-6,900E-2
23,162;-6,822E-2
23,195;-6,762E-2
23,228;-6,661E-2
23,262;-6,636E-2
23,295;-6,553E-2
23,328;-6,483E-2
23,362;-6,421E-2
23,395;-6,339E-2
23,429;-6,276E-2
23,462;-6,183E-2
23,495;-6,145E-2
23,529;-6,117E-2
23,562;-6,036E-2
23,595;-5,956E-2
23,629;-5,953E-2
23,662;-5,888E-2
23,696;-5,778E-2
23,729;-5,793E-2
23,762;-5,738E-2
23,796;-5,679E-2
23,829;-5,605E-2
23,862;-5,523E-2
23,896;-5,492E-2
23,929;-5,388E-2
23,963;-5,329E-2
23,996;-5,236E-2
24,029;-5,178E-2
24,063;-5,095E-2
24,096;-4,986E-2
24,129;-4,935E-2
24,163;-4,865E-2
24,196;-4,775E-2
24,230;-4,701E-2
24,263;-4,599E-2
24,296;-4,520E-2
24,330;-4,440E-2
24,363;-4,345E-2
24,396;-4,246E-2
24,430;-4,196E-2
24,463;-4,070E-2
24,497;-4,176E-2
24,530;-4,086E-2
24,563;-3,984E-2
24,597;-3,882E-2
24,630;-3,835E-2
24,663;-3,708E-2
24,697;-3,625E-2
24,730;-3,543E-2
24,763;-3,463E-2
24,797;-3,329E-2
24,830;-3,258E-2
24,864;-3,159E-2
24,897;-3,142E-2
24,930;-3,070E-2
24,964;-2,948E-2
24,997;-2,907E-2
25,030;-2,849E-2
25,064;-2,742E-2
25,097;-2,689E-2
25,131;-2,576E-2
25,164;-2,470E-2
25,197;-2,453E-2
25,231;-2,304E-2
25,264;-2,210E-2
25,297;-2,069E-2
25,331;-2,007E-2
25,364;-1,919E-2
25,398;-1,782E-2
25,431;-1,717E-2
25,464;-1,609E-2
25,498;-1,531E-2
25,531;-1,451E-2
25,564;-1,342E-2
25,598;-1,311E-2
25,631;-1,240E-2
25,665;-1,143E-2
25,698;-1,060E-2
25,731;-9,512E-3
25,765;-8,183E-3
25,798;-6,948E-3
25,831;-6,355E-3
25,865;-5,632E-3
25,898;-4,304E-3
25,932;-3,371E-3
25,965;-2,083E-3
25,998;-9,894E-4
26,032;-4,799E-4
26,065;5,188E-4
26,098;1,373E-3
26,132;2,339E-3
26,165;3,493E-3
26,199;4,374E-3
26,232;5,715E-3
26,265;6,711E-3
26,299;7,671E-3
26,332;8,321E-3
26,365;9,956E-3
26,399;1,064E-2
26,432;1,051E-2
26,466;1,148E-2
26,499;1,303E-2
26,532;1,358E-2
26,566;1,431E-2
26,599;1,528E-2
26,632;1,644E-2
26,666;1,767E-2
26,699;1,902E-2
26,733;1,937E-2
26,766;1,984E-2
26,799;2,109E-2
26,833;2,267E-2
26,866;2,390E-2
26,899;2,482E-2
26,933;2,506E-2
26,966;2,673E-2
27,000;2,738E-2
27,033;2,900E-2
27,066;3,015E-2
27,100;3,058E-2
27,133;3,188E-2
27,166;3,310E-2
27,200;3,440E-2
27,233;3,539E-2
27,267;3,567E-2
27,300;3,682E-2
27,333;3,794E-2
27,367;3,912E-2
27,400;3,955E-2
27,433;4,118E-2
27,467;4,152E-2
27,500;4,251E-2
27,534;4,340E-2
27,567;4,372E-2
27,600;4,429E-2
27,634;4,496E-2
27,667;4,617E-2
27,700;4,700E-2
27,734;4,783E-2
27,767;4,892E-2
27,801;4,995E-2
27,834;5,071E-2
27,867;5,384E-2
27,901;5,286E-2
27,934;5,408E-2
27,967;5,537E-2
28,001;5,613E-2
28,034;5,706E-2
28,068;5,807E-2
28,101;5,876E-2
28,134;5,985E-2
28,168;6,071E-2
28,201;6,102E-2
28,234;6,242E-2
28,268;6,320E-2
28,301;6,408E-2
28,335;6,504E-2
28,368;6,564E-2
28,401;6,616E-2
28,435;6,724E-2
28,468;6,802E-2
28,501;6,857E-2
28,535;6,974E-2
28,568;7,094E-2
28,602;7,186E-2
28,635;7,240E-2
28,668;7,376E-2
28,702;7,449E-2
28,735;7,522E-2
28,768;7,630E-2
28,802;7,682E-2
28,835;7,772E-2
28,868;7,851E-2
28,902;7,967E-2
28,935;8,036E-2
28,969;8,113E-2
29,002;8,122E-2
29,035;8,235E-2
29,069;8,309E-2
29,102;8,406E-2
29,135;8,456E-2
29,169;8,543E-2
29,202;8,641E-2
29,236;8,705E-2
29,269;8,813E-2
29,302;8,883E-2
29,336;8,933E-2
29,369;9,036E-2
29,402;9,068E-2
29,436;9,175E-2
29,469;9,241E-2
29,503;9,306E-2
29,536;9,374E-2
29,569;9,430E-2
29,603;9,522E-2
29,636;9,483E-2
29,669;9,492E-2
29,703;9,736E-2
29,736;9,793E-2
29,770;9,713E-2
29,803;9,898E-2
29,836;9,963E-2
29,870;0,100
29,903;0,102
29,936;0,102
29,970;0,103
30,003;0,104
30,037;0,104
30,070;0,105
30,103;0,105
30,137;0,104
30,170;0,105
30,203;0,105
30,237;0,106
30,270;0,106
30,304;0,107
30,337;0,107
30,370;0,108
30,404;0,109
30,437;0,109
30,470;0,110
30,504;0,111
30,537;0,111
30,571;0,112
30,604;0,112
30,637;0,113
30,671;0,113
30,704;0,115
30,737;0,115
30,771;0,116
30,804;0,116
30,838;0,117
30,871;0,115
30,904;0,118
30,938;0,118
30,971;0,118
31,004;0,118
31,038;0,118
31,071;0,119
31,105;0,119
31,138;0,119
31,171;0,120
31,205;0,120
31,238;0,120
31,271;0,121
31,305;0,121
31,338;0,122
31,372;0,122
31,405;0,122
31,438;0,123
31,472;0,123
31,505;0,123
31,538;0,124
31,572;0,124
31,605;0,124
31,639;0,125
31,672;0,125
31,705;0,125
31,739;0,125
31,772;0,126
31,805;0,126
31,839;0,126
31,872;0,126
31,906;0,126
31,939;0,127
31,972;0,129
32,006;0,129
32,039;0,128
32,072;0,128
32,106;0,128
32,139;0,128
32,173;0,128
32,206;0,129
32,239;0,128
32,273;0,128
32,306;0,129
32,339;0,129
32,373;0,129
32,406;0,129
32,440;0,129
32,473;0,129
32,506;0,129
32,540;0,129
32,573;0,129
32,606;0,129
32,640;0,129
32,673;0,129
32,707;0,129
32,740;0,129
32,773;0,129
32,807;0,129
32,840;0,129
32,873;0,129
32,907;0,129
32,940;0,129
32,973;0,129
33,007;0,129
33,040;0,129
33,074;0,129
33,107;0,129
33,140;0,129
33,174;0,129
33,207;0,129
33,240;0,129
33,274;0,129
33,307;0,129
33,341;0,129
33,374;0,128
33,407;0,128
33,441;0,128
33,474;0,128
33,507;0,128
33,541;0,128
33,574;0,128
33,608;0,128
33,641;0,127
33,674;0,127
33,708;0,127
33,741;0,127
33,774;0,126
33,808;0,126
33,841;0,126
33,875;0,125
33,908;0,125
33,941;0,125
33,975;0,125
34,008;0,124
34,041;0,124
34,075;0,124
34,108;0,123
34,142;0,123
34,175;0,123
34,208;0,122
34,242;0,122
34,275;0,122
34,308;0,121
34,342;0,121
34,375;0,120
34,409;0,120
34,442;0,120
34,475;0,119
34,509;0,118
34,542;0,118
34,575;0,118
34,609;0,118
34,642;0,117
34,676;0,117
34,709;0,116
34,742;0,116
34,776;0,115
34,809;0,114
34,842;0,114
34,876;0,114
34,909;0,113
34,943;0,113
34,976;0,112
35,009;0,112
35,043;0,111
35,076;0,111
35,109;0,109
35,143;0,109
35,176;0,108
35,210;0,108
35,243;0,107
35,276;0,107
35,310;0,106
35,343;0,106
35,376;0,105
35,410;0,105
35,443;0,104
35,477;0,104
35,510;0,103
35,543;0,103
35,577;0,102
35,610;0,101
35,643;0,101
35,677;0,100
35,710;9,961E-2
35,744;9,922E-2
35,777;9,759E-2
35,810;9,693E-2
35,844;9,636E-2
35,877;9,531E-2
35,910;9,469E-2
35,944;9,385E-2
35,977;9,339E-2
36,011;9,304E-2
36,044;9,231E-2
36,077;9,153E-2
36,111;9,063E-2
36,144;8,981E-2
36,177;8,920E-2
36,211;8,815E-2
36,244;8,752E-2
36,278;8,656E-2
36,311;8,564E-2
36,344;8,513E-2
36,378;8,504E-2
36,411;8,448E-2
36,444;8,325E-2
36,478;8,246E-2
36,511;8,177E-2
36,545;8,068E-2
36,578;7,970E-2
36,611;7,894E-2
36,645;7,808E-2
36,678;7,732E-2
36,711;7,661E-2
36,745;7,585E-2
36,778;7,509E-2
36,812;7,419E-2
36,845;7,406E-2
36,878;7,303E-2
36,912;7,063E-2
36,945;6,995E-2
36,978;7,023E-2
37,012;6,863E-2
37,045;6,818E-2
37,078;6,738E-2
37,112;6,688E-2
37,145;6,550E-2
37,179;6,473E-2
37,212;6,409E-2
37,245;6,412E-2
37,279;6,318E-2
37,312;6,181E-2
37,345;6,075E-2
37,379;5,954E-2
37,412;5,873E-2
37,446;5,815E-2
37,479;5,715E-2
37,512;5,651E-2
37,546;5,571E-2
37,579;5,488E-2
37,612;5,424E-2
37,646;5,260E-2
37,679;5,147E-2
37,713;5,019E-2
37,746;4,909E-2
37,779;4,797E-2
37,813;4,771E-2
37,846;4,665E-2
37,879;4,657E-2
37,913;4,621E-2
37,946;4,513E-2
37,980;4,425E-2
38,013;4,285E-2
38,046;4,260E-2
38,080;4,135E-2
38,113;3,994E-2
38,146;3,904E-2
38,180;3,890E-2
38,213;3,858E-2
38,247;3,718E-2
38,280;3,614E-2
38,313;3,556E-2
38,347;3,397E-2
38,380;3,347E-2
38,413;3,228E-2
38,447;3,106E-2
38,480;3,027E-2
38,514;2,943E-2
38,547;2,884E-2
38,580;2,762E-2
38,614;2,683E-2
38,647;2,585E-2
38,680;2,491E-2
38,714;2,371E-2
38,747;2,266E-2
38,781;2,206E-2
38,814;2,154E-2
38,847;2,010E-2
38,881;1,929E-2
38,914;1,848E-2
38,947;1,767E-2
38,981;1,657E-2
39,014;1,586E-2
39,048;1,520E-2
39,081;1,412E-2
39,114;1,339E-2
39,148;1,257E-2
39,181;1,127E-2
39,214;1,013E-2
39,248;9,602E-3
39,281;9,131E-3
39,315;7,862E-3
39,348;7,211E-3
39,381;6,412E-3
39,415;5,430E-3
39,448;4,713E-3
39,481;3,440E-3
39,515;3,111E-3
39,548;2,999E-3
39,582;7,649E-4
39,615;-2,775E-4
39,648;-5,729E-4
39,682;-1,166E-3
39,715;-2,236E-3
39,748;-2,656E-3
39,782;-3,816E-3
39,815;-4,875E-3
39,849;-5,643E-3
39,882;-6,127E-3
39,915;-7,314E-3
39,949;-8,055E-3
39,982;-8,949E-3
40,015;-9,774E-3
40,049;-1,115E-2
40,082;-1,214E-2
40,116;-1,267E-2
40,149;-1,347E-2
40,182;-1,440E-2
40,216;-1,540E-2
40,249;-1,569E-2
40,282;-1,626E-2
40,316;-1,812E-2
40,349;-1,912E-2
40,383;-1,955E-2
40,416;-1,996E-2
40,449;-2,107E-2
40,483;-2,190E-2
40,516;-2,257E-2
40,549;-2,351E-2
40,583;-2,401E-2
40,616;-2,474E-2
40,650;-2,572E-2
40,683;-2,607E-2
40,716;-2,681E-2
40,750;-2,740E-2
40,783;-2,873E-2
40,816;-2,854E-2
40,850;-2,993E-2
40,883;-3,052E-2
40,916;-3,100E-2
40,950;-3,151E-2
40,983;-3,238E-2
41,017;-3,304E-2
41,050;-3,380E-2
41,083;-3,420E-2
41,117;-3,538E-2
41,150;-3,603E-2
41,183;-3,732E-2
41,217;-3,769E-2
41,250;-3,842E-2
41,284;-3,885E-2
41,317;-3,946E-2
41,350;-3,985E-2
41,384;-4,065E-2
41,417;-4,100E-2
41,450;-4,180E-2
41,484;-4,243E-2
41,517;-4,294E-2
41,551;-4,355E-2
41,584;-4,403E-2
41,617;-4,480E-2
41,651;-4,576E-2
41,684;-4,606E-2
41,717;-4,703E-2
41,751;-4,782E-2
41,784;-4,841E-2
41,818;-4,921E-2
41,851;-4,964E-2
41,884;-5,052E-2
41,918;-5,113E-2
41,951;-5,157E-2
41,984;-5,204E-2
42,018;-5,235E-2
42,051;-5,307E-2
42,085;-5,327E-2
42,118;-5,417E-2
42,151;-5,440E-2
42,185;-5,554E-2
42,218;-5,615E-2
42,251;-5,672E-2
42,285;-5,712E-2
42,318;-5,753E-2
42,352;-5,785E-2
42,385;-5,872E-2
42,418;-5,919E-2
42,452;-5,918E-2
42,485;-5,983E-2
42,518;-5,996E-2
42,552;-6,055E-2
42,585;-6,096E-2
42,619;-6,115E-2
42,652;-6,187E-2
42,685;-6,212E-2
42,719;-6,280E-2
42,752;-6,313E-2
42,785;-6,360E-2
42,819;-6,431E-2
42,852;-6,451E-2
42,886;-6,469E-2
42,919;-6,510E-2
42,952;-6,503E-2
42,986;-6,580E-2
43,019;-6,583E-2
43,052;-6,634E-2
43,086;-6,652E-2
43,119;-6,694E-2
43,153;-6,735E-2
43,186;-6,759E-2
43,219;-6,831E-2
43,253;-6,855E-2
43,286;-6,875E-2
43,319;-6,901E-2
43,353;-6,959E-2
43,386;-7,015E-2
43,420;-7,038E-2
43,453;-7,027E-2
43,486;-7,055E-2
43,520;-7,121E-2
43,553;-7,125E-2
43,586;-7,132E-2
43,620;-7,149E-2
43,653;-7,188E-2
43,687;-7,231E-2
43,720;-7,240E-2
43,753;-7,271E-2
43,787;-7,340E-2
43,820;-7,364E-2
43,853;-7,349E-2
43,887;-7,354E-2
43,920;-7,398E-2
43,954;-7,405E-2
43,987;-7,428E-2
44,020;-7,468E-2
44,054;-7,486E-2
44,087;-7,483E-2
44,120;-7,494E-2
44,154;-7,510E-2
44,187;-7,527E-2
44,221;-7,524E-2
44,254;-7,531E-2
44,287;-7,520E-2
44,321;-7,583E-2
44,354;-7,573E-2
44,387;-7,585E-2
44,421;-7,570E-2
44,454;-7,596E-2
44,488;-7,594E-2
44,521;-7,592E-2
44,554;-7,577E-2
44,588;-7,603E-2
44,621;-7,598E-2
44,654;-7,595E-2
44,688;-7,595E-2
44,721;-7,594E-2
44,755;-7,594E-2
44,788;-7,594E-2
44,821;-7,594E-2
44,855;-7,592E-2
44,888;-7,604E-2
44,921;-7,605E-2
44,955;-7,582E-2
44,988;-7,580E-2
45,021;-7,576E-2
45,055;-7,586E-2
45,088;-7,584E-2
45,122;-7,569E-2
45,155;-7,565E-2
45,188;-7,562E-2
45,222;-7,531E-2
45,255;-7,497E-2
45,288;-7,509E-2
45,322;-7,502E-2
45,355;-7,497E-2
45,389;-7,486E-2
45,422;-7,446E-2
45,455;-7,429E-2
45,489;-7,401E-2
45,522;-7,347E-2
45,555;-7,336E-2
45,589;-7,336E-2
45,622;-7,302E-2
45,656;-7,295E-2
45,689;-7,280E-2
45,722;-7,271E-2
45,756;-7,264E-2
45,789;-7,225E-2
45,822;-7,183E-2
45,856;-7,147E-2
45,889;-7,138E-2
45,923;-7,107E-2
45,956;-7,095E-2
45,989;-7,075E-2
46,023;-7,048E-2
46,056;-6,988E-2
46,089;-6,982E-2
46,123;-6,963E-2
46,156;-6,957E-2
46,190;-6,864E-2
46,223;-6,836E-2
46,256;-6,842E-2
46,290;-6,769E-2
46,323;-6,723E-2
46,356;-6,714E-2
46,390;-6,648E-2
46,423;-6,607E-2
46,457;-6,589E-2
46,490;-6,533E-2
46,523;-6,524E-2
46,557;-6,497E-2
46,590;-6,472E-2
46,623;-6,424E-2
46,657;-6,381E-2
46,690;-6,361E-2
46,724;-6,288E-2
46,757;-6,259E-2
46,790;-6,184E-2
46,824;-6,154E-2
46,857;-6,074E-2
46,890;-6,067E-2
46,924;-6,000E-2
46,957;-5,963E-2
46,991;-5,877E-2
47,024;-5,848E-2
47,057;-5,795E-2
47,091;-5,731E-2
47,124;-5,687E-2
47,157;-5,640E-2
47,191;-5,585E-2
47,224;-5,548E-2
47,258;-5,519E-2
47,291;-5,453E-2
47,324;-5,422E-2
47,358;-5,320E-2
47,391;-5,294E-2
47,424;-5,260E-2
47,458;-5,164E-2
47,491;-5,127E-2
47,525;-5,061E-2
47,558;-5,035E-2
47,591;-4,935E-2
47,625;-4,895E-2
47,658;-4,770E-2
47,691;-4,717E-2
47,725;-4,643E-2
47,758;-4,606E-2
47,792;-4,555E-2
47,825;-4,482E-2
47,858;-4,457E-2
47,892;-4,375E-2
47,925;-4,283E-2
47,958;-4,208E-2
47,992;-4,174E-2
48,025;-4,119E-2
48,059;-3,976E-2
48,092;-3,924E-2
48,125;-3,855E-2
48,159;-3,773E-2
48,192;-3,719E-2
48,225;-3,643E-2
48,259;-3,595E-2
48,292;-3,511E-2
48,326;-3,429E-2
48,359;-3,327E-2
48,392;-3,291E-2
48,426;-3,215E-2
48,459;-3,096E-2
48,492;-2,994E-2
48,526;-2,944E-2
48,559;-2,872E-2
48,593;-2,771E-2
48,626;-2,780E-2
48,659;-2,728E-2
48,693;-2,662E-2
48,726;-2,545E-2
48,759;-2,449E-2
48,793;-2,392E-2
48,826;-2,272E-2
48,860;-2,208E-2
48,893;-2,168E-2
48,926;-2,086E-2
48,960;-1,948E-2
48,993;-1,902E-2
49,026;-1,808E-2
49,060;-1,754E-2
49,093;-1,752E-2
49,126;-1,683E-2
49,160;-1,676E-2
49,193;-1,562E-2
49,227;-1,482E-2
49,260;-1,423E-2
49,293;-1,277E-2
49,327;-1,271E-2
49,360;-1,087E-2
49,393;-1,044E-2
49,427;-8,988E-3
49,460;-8,164E-3
49,494;-7,676E-3
49,527;-7,028E-3
49,560;-5,848E-3
49,594;-4,552E-3
49,627;-3,737E-3
49,660;-3,026E-3
49,694;-1,680E-3
49,727;-1,495E-3
49,761;-7,259E-4
49,794;3,424E-5
49,827;1,020E-3
49,861;2,587E-3
49,894;3,567E-3
49,927;4,201E-3
49,961;5,198E-3
49,994;5,732E-3
50,028;6,750E-3
50,061;7,771E-3
50,094;8,638E-3
50,128;9,795E-3
50,161;1,047E-2
50,194;1,104E-2
50,228;1,181E-2
50,261;1,289E-2
50,295;1,360E-2
50,328;1,289E-2
50,361;1,401E-2
50,395;1,530E-2
50,428;1,627E-2
50,461;1,649E-2
50,495;1,764E-2
50,528;1,780E-2
50,562;1,883E-2
50,595;1,999E-2
50,628;2,116E-2
50,662;2,242E-2
50,695;2,272E-2
50,728;2,334E-2
50,762;2,438E-2
50,795;2,529E-2
50,829;2,603E-2
50,862;2,751E-2
50,895;2,846E-2
50,929;2,957E-2
50,962;3,003E-2
50,995;3,074E-2
51,029;3,095E-2
51,062;3,261E-2
51,096;3,352E-2
51,129;3,440E-2
51,162;3,516E-2
51,196;3,607E-2
51,229;3,700E-2
51,262;3,734E-2
51,296;3,787E-2
51,329;3,933E-2
51,363;4,000E-2
51,396;4,054E-2
51,429;4,161E-2
51,463;4,170E-2
51,496;4,278E-2
51,529;4,411E-2
51,563;4,434E-2
51,596;4,601E-2
51,630;4,671E-2
51,663;4,528E-2
51,696;4,585E-2
51,730;4,946E-2
51,763;5,007E-2
51,796;5,121E-2
51,830;5,212E-2
51,863;5,235E-2
51,897;5,101E-2
51,930;5,260E-2
51,963;5,326E-2
51,997;5,437E-2
52,030;5,496E-2
52,063;5,565E-2
52,097;5,549E-2
52,130;5,703E-2
52,164;5,808E-2
52,197;5,841E-2
52,230;5,862E-2
52,264;5,958E-2
52,297;6,039E-2
52,330;6,146E-2
52,364;6,201E-2
52,397;6,297E-2
52,431;6,400E-2
52,464;6,445E-2
52,497;6,521E-2
52,531;6,558E-2
52,564;6,646E-2
52,597;6,755E-2
52,631;6,809E-2
52,664;6,892E-2
52,698;7,038E-2
52,731;7,041E-2
52,764;7,103E-2
52,798;7,223E-2
52,831;7,226E-2
52,864;7,387E-2
52,898;7,495E-2
52,931;7,539E-2
52,965;7,603E-2
52,998;7,646E-2
53,031;7,735E-2
53,065;7,764E-2
53,098;7,790E-2
53,131;7,920E-2
53,165;7,931E-2
53,198;8,057E-2
53,231;8,149E-2
53,265;8,186E-2
53,298;8,184E-2
53,332;8,288E-2
53,365;8,305E-2
53,398;8,407E-2
53,432;8,482E-2
53,465;8,518E-2
53,498;8,600E-2
53,532;8,687E-2
53,565;8,724E-2
53,599;8,804E-2
53,632;8,834E-2
53,665;8,930E-2
53,699;8,935E-2
53,732;9,054E-2
53,765;9,092E-2
53,799;9,171E-2
53,832;9,197E-2
53,866;9,289E-2
53,899;9,338E-2
53,932;9,391E-2
53,966;9,421E-2
53,999;9,460E-2
54,032;9,468E-2
54,066;9,617E-2
54,099;9,609E-2
54,133;9,763E-2
54,166;9,794E-2
54,199;9,790E-2
54,233;9,835E-2
54,266;9,911E-2
54,299;9,956E-2
54,333;0,100
54,366;0,101
54,400;0,101
54,433;0,102
54,466;0,102
54,500;0,102
54,533;0,102
54,566;0,102
54,600;0,103
54,633;0,103
54,667;0,104
54,700;0,104
54,733;0,105
54,767;0,105
54,800;0,105
54,833;0,106
54,867;0,106
54,900;0,107
54,934;0,107
54,967;0,108
55,000;0,108
55,034;0,108
55,067;0,108
55,100;0,109
55,134;0,109
55,167;0,110
55,201;0,109
55,234;0,109
55,267;0,110
55,301;0,110
55,334;0,110
55,367;0,110
55,401;0,112
55,434;0,111
55,468;0,112
55,501;0,112
55,534;0,112
55,568;0,112
55,601;0,113
55,634;0,113
55,668;0,113
55,701;0,113
55,735;0,114
55,768;0,114
55,801;0,114
55,835;0,114
55,868;0,114
55,901;0,114
55,935;0,115
55,968;0,115
56,002;0,115
56,035;0,115
56,068;0,115
56,102;0,115
56,135;0,115
56,168;0,115
56,202;0,115
56,235;0,116
56,269;0,115
56,302;0,116
56,335;0,116
56,369;0,116
56,402;0,116
56,435;0,116
56,469;0,116
56,502;0,116
56,536;0,116
56,569;0,116
56,602;0,116
56,636;0,116
56,669;0,116
56,702;0,116
56,736;0,116
56,769;0,116
56,803;0,116
56,836;0,116
56,869;0,116
56,903;0,116
56,936;0,116
56,969;0,116
57,003;0,116
57,036;0,116
57,070;0,116
57,103;0,116
57,136;0,115
57,170;0,115
57,203;0,115
57,236;0,115
57,270;0,115
57,303;0,115
57,336;0,115
57,370;0,114
57,403;0,114
57,437;0,114
57,470;0,114
57,503;0,114
57,537;0,113
57,570;0,113
57,603;0,113
57,637;0,113
57,670;0,112
57,704;0,112
57,737;0,112
57,770;0,112
57,804;0,112
57,837;0,111
57,870;0,111
57,904;0,111
57,937;0,110
57,971;0,110
58,004;0,110
58,037;0,109
58,071;0,109
58,104;0,108
58,137;0,109
58,171;0,109
58,204;0,108
58,238;0,108
58,271;0,107
58,304;0,107
58,338;0,106
58,371;0,106
58,404;0,106
58,438;0,105
58,471;0,105
58,505;0,105
58,538;0,104
58,571;0,104
58,605;0,104
58,638;0,104
58,671;0,103
58,705;0,103
58,738;0,102
58,772;0,101
58,805;0,101
58,838;0,100
58,872;0,100
58,905;9,920E-2
58,938;9,858E-2
58,972;9,808E-2
59,005;9,687E-2
59,039;9,676E-2
59,072;9,629E-2
59,105;9,599E-2
59,139;9,532E-2
59,172;9,523E-2
59,205;9,537E-2
59,239;9,428E-2
59,272;9,378E-2
59,306;9,331E-2
59,339;9,284E-2
59,372;9,263E-2
59,406;9,144E-2
59,439;9,115E-2
59,472;9,035E-2
59,506;8,984E-2
59,539;8,914E-2
59,573;8,869E-2
59,606;8,814E-2
59,639;8,756E-2
59,673;8,699E-2
59,706;8,631E-2
59,739;8,573E-2
59,773;8,527E-2
59,806;8,464E-2
59,840;8,448E-2
59,873;8,363E-2
59,906;8,271E-2
59,940;8,228E-2
59,973;8,161E-2
60,006;8,089E-2
60,040;8,063E-2
60,073;7,992E-2
60,107;7,924E-2
60,140;7,854E-2
60,173;7,788E-2
60,207;7,733E-2
60,240;7,644E-2
60,273;7,600E-2
60,307;7,522E-2
60,340;7,500E-2
60,374;7,391E-2
60,407;7,307E-2
60,440;7,264E-2
60,474;7,164E-2
60,507;7,130E-2
60,540;7,055E-2
60,574;6,969E-2
60,607;6,847E-2
60,641;6,812E-2
60,674;6,711E-2
60,707;6,635E-2
60,741;6,592E-2
60,774;6,539E-2
60,807;6,486E-2
60,841;6,412E-2
60,874;6,346E-2
60,908;6,307E-2
60,941;6,222E-2
60,974;6,122E-2
61,008;6,031E-2
61,041;6,010E-2
61,074;5,908E-2
61,108;5,842E-2
61,141;5,745E-2
61,175;5,717E-2
61,208;5,627E-2
61,241;5,551E-2
61,275;5,512E-2
61,308;5,491E-2
61,341;5,390E-2
61,375;5,252E-2
61,408;5,199E-2
61,441;5,058E-2
61,475;5,068E-2
61,508;4,943E-2
61,542;4,871E-2
61,575;4,740E-2
61,608;4,712E-2
61,642;4,616E-2
61,675;4,626E-2
61,708;4,528E-2
61,742;4,480E-2
61,775;4,369E-2
61,809;4,297E-2
61,842;4,211E-2
61,875;4,172E-2
61,909;4,113E-2
61,942;3,885E-2
61,975;3,832E-2
62,009;3,781E-2
62,042;3,686E-2
62,076;3,589E-2
62,109;3,535E-2
62,142;3,504E-2
62,176;3,390E-2
62,209;3,274E-2
62,242;3,222E-2
62,276;3,169E-2
62,309;3,047E-2
62,343;2,973E-2
62,376;2,940E-2
62,409;2,962E-2
62,443;2,867E-2
62,476;2,730E-2
62,509;2,704E-2
62,543;2,615E-2
62,576;2,519E-2
62,610;2,454E-2
62,643;2,365E-2
62,676;2,222E-2
62,710;2,219E-2
62,743;2,092E-2
62,776;2,008E-2
62,810;1,961E-2
62,843;1,868E-2
62,877;1,774E-2
62,910;1,713E-2
62,943;1,643E-2
62,977;1,581E-2
63,010;1,484E-2
63,043;1,463E-2
63,077;1,343E-2
63,110;1,270E-2
63,144;1,149E-2
63,177;1,058E-2
63,210;9,534E-3
63,244;9,051E-3
63,277;8,292E-3
63,310;7,594E-3
63,344;7,174E-3
63,377;6,407E-3
63,411;5,566E-3
63,444;5,539E-3
63,477;4,196E-3
63,511;3,458E-3
63,544;3,158E-3
63,577;2,718E-3
63,611;1,800E-3
63,644;6,065E-4
63,678;-2,079E-4
63,711;-6,980E-4
63,744;-9,488E-4
63,778;-2,099E-3
63,811;-2,851E-3
63,844;-3,007E-3
63,878;-3,960E-3
63,911;-4,149E-3
63,945;-5,846E-3
63,978;-6,570E-3
64,011;-7,051E-3
64,045;-7,031E-3
64,078;-8,669E-3
64,111;-8,779E-3
64,145;-9,774E-3
64,178;-1,060E-2
64,212;-1,125E-2
64,245;-1,133E-2
64,278;-1,230E-2
64,312;-1,289E-2
64,345;-1,364E-2
64,378;-1,430E-2
64,412;-1,497E-2
64,445;-1,543E-2
64,479;-1,638E-2
64,512;-1,723E-2
64,545;-1,788E-2
64,579;-1,914E-2
64,612;-1,914E-2
64,645;-1,953E-2
64,679;-2,029E-2
64,712;-2,119E-2
64,746;-2,180E-2
64,779;-2,213E-2
64,812;-2,241E-2
64,846;-2,355E-2
64,879;-2,424E-2
64,912;-2,451E-2
64,946;-2,537E-2
64,979;-2,575E-2
65,013;-2,649E-2
65,046;-2,741E-2
65,079;-2,786E-2
65,113;-2,787E-2
65,146;-2,915E-2
65,179;-2,943E-2
65,213;-2,999E-2
65,246;-3,032E-2
65,280;-3,041E-2
65,313;-3,124E-2
65,346;-3,225E-2
65,380;-3,285E-2
65,413;-3,358E-2
65,446;-3,410E-2
65,480;-3,488E-2
65,513;-3,502E-2
65,546;-3,621E-2
65,580;-3,677E-2
65,613;-3,744E-2
65,647;-3,764E-2
65,680;-3,884E-2
65,713;-3,900E-2
65,747;-3,996E-2
65,780;-4,005E-2
65,813;-4,052E-2
65,847;-4,047E-2
65,880;-4,164E-2
65,914;-4,163E-2
65,947;-4,216E-2
65,980;-4,250E-2
66,014;-4,260E-2
66,047;-4,337E-2
66,080;-4,424E-2
66,114;-4,463E-2
66,147;-4,488E-2
66,181;-4,534E-2
66,214;-4,582E-2
66,247;-4,610E-2
66,281;-4,613E-2
66,314;-4,609E-2
66,347;-4,723E-2
66,381;-4,775E-2
66,414;-4,855E-2
66,448;-4,847E-2
66,481;-4,889E-2
66,514;-4,936E-2
66,548;-4,984E-2
66,581;-5,013E-2
66,614;-5,062E-2
66,648;-5,063E-2
66,681;-5,105E-2
66,715;-5,163E-2
66,748;-5,168E-2
66,781;-5,200E-2
66,815;-5,179E-2
66,848;-5,206E-2
66,881;-5,275E-2
66,915;-5,297E-2
66,948;-5,317E-2
66,982;-5,382E-2
67,015;-5,400E-2
67,048;-5,442E-2
67,082;-5,435E-2
67,115;-5,498E-2
67,148;-5,497E-2
67,182;-5,537E-2
67,215;-5,506E-2
67,249;-5,562E-2
67,282;-5,700E-2
67,315;-5,726E-2
67,349;-5,742E-2
67,382;-5,746E-2
67,415;-5,800E-2
67,449;-5,816E-2
67,482;-5,855E-2
67,516;-5,841E-2
67,549;-5,951E-2
67,582;-5,954E-2
67,616;-5,965E-2
67,649;-5,969E-2
67,682;-5,988E-2
67,716;-6,000E-2
67,749;-6,026E-2
67,783;-6,031E-2
67,816;-6,018E-2
67,849;-6,047E-2
67,883;-6,043E-2
67,916;-6,046E-2
67,949;-6,064E-2
67,983;-6,079E-2
68,016;-6,087E-2
68,050;-6,114E-2
68,083;-6,140E-2
68,116;-6,143E-2
68,150;-6,155E-2
68,183;-6,148E-2
68,216;-6,162E-2
68,250;-6,157E-2
68,283;-6,157E-2
68,317;-6,155E-2
68,350;-6,192E-2
68,383;-6,180E-2
68,417;-6,209E-2
68,450;-6,211E-2
68,483;-6,198E-2
68,517;-6,181E-2
68,550;-6,213E-2
68,584;-6,193E-2
68,617;-6,221E-2
68,650;-6,228E-2
68,684;-6,208E-2
68,717;-6,196E-2
68,750;-6,221E-2
68,784;-6,207E-2
68,817;-6,220E-2
68,851;-6,210E-2
68,884;-6,210E-2
68,917;-6,176E-2
68,951;-6,214E-2
68,984;-6,191E-2
69,017;-6,182E-2
69,051;-6,184E-2
69,084;-6,154E-2
69,118;-6,143E-2
69,151;-6,158E-2
69,184;-6,146E-2
69,218;-6,143E-2
69,251;-6,130E-2
69,284;-6,129E-2
69,318;-6,110E-2
69,351;-6,102E-2
69,385;-6,100E-2
69,418;-6,031E-2
69,451;-6,018E-2
69,485;-6,012E-2
69,518;-6,026E-2
69,551;-5,965E-2
69,585;-5,945E-2
69,618;-5,950E-2
69,651;-5,956E-2
69,685;-5,901E-2
69,718;-5,891E-2
69,752;-5,888E-2
69,785;-5,870E-2
69,818;-5,859E-2
69,852;-5,838E-2
69,885;-5,844E-2
69,918;-5,832E-2
69,952;-5,760E-2
69,985;-5,738E-2
70,019;-5,716E-2
70,052;-5,705E-2
70,085;-5,669E-2
70,119;-5,669E-2
70,152;-5,621E-2
70,185;-5,612E-2
70,219;-5,554E-2
70,252;-5,547E-2
70,286;-5,558E-2
70,319;-5,525E-2
70,352;-5,443E-2
70,386;-5,400E-2
70,419;-5,413E-2
70,452;-5,414E-2
70,486;-5,307E-2
70,519;-5,285E-2
70,553;-5,252E-2
70,586;-5,210E-2
70,619;-5,162E-2
70,653;-5,154E-2
70,686;-5,100E-2
70,719;-5,089E-2
70,753;-5,014E-2
70,786;-4,980E-2
70,820;-4,972E-2
70,853;-4,936E-2
70,886;-4,887E-2
70,920;-4,851E-2
70,953;-4,845E-2
70,986;-4,776E-2
71,020;-4,682E-2
71,053;-4,678E-2
71,087;-4,594E-2
71,120;-4,557E-2
71,153;-4,503E-2
71,187;-4,527E-2
71,220;-4,419E-2
71,253;-4,355E-2
71,287;-4,283E-2
71,320;-4,237E-2
71,354;-4,184E-2
71,387;-4,168E-2
71,420;-4,153E-2
71,454;-4,101E-2
71,487;-4,045E-2
71,520;-4,007E-2
71,554;-3,918E-2
71,587;-3,887E-2
71,621;-3,767E-2
71,654;-3,740E-2
71,687;-3,743E-2
71,721;-3,652E-2
71,754;-3,617E-2
71,787;-3,639E-2
71,821;-3,517E-2
71,854;-3,506E-2
71,888;-3,485E-2
71,921;-3,464E-2
71,954;-3,297E-2
71,988;-3,247E-2
72,021;-3,159E-2
72,054;-3,123E-2
72,088;-3,146E-2
72,121;-3,050E-2
72,155;-3,020E-2
72,188;-2,983E-2
72,221;-2,908E-2
72,255;-2,861E-2
72,288;-2,831E-2
72,321;-2,758E-2
72,355;-2,712E-2
72,388;-2,649E-2
72,422;-2,616E-2
72,455;-2,551E-2
72,488;-2,474E-2
72,522;-2,356E-2
72,555;-2,363E-2
72,588;-2,294E-2
72,622;-2,206E-2
72,655;-2,141E-2
72,689;-2,036E-2
72,722;-2,010E-2
72,755;-1,917E-2
72,789;-1,914E-2
72,822;-1,798E-2
72,855;-1,792E-2
72,889;-1,677E-2
72,922;-1,597E-2
72,956;-1,554E-2
72,989;-1,480E-2
73,022;-1,394E-2
73,056;-1,324E-2
73,089;-1,352E-2
73,122;-1,275E-2
73,156;-1,358E-2
73,189;-1,267E-2
73,223;-1,220E-2
73,256;-1,113E-2
73,289;-1,065E-2
73,323;-9,961E-3
73,356;-9,450E-3
73,389;-8,647E-3
73,423;-7,730E-3
73,456;-7,460E-3
73,490;-6,266E-3
73,523;-5,618E-3
73,556;-4,982E-3
73,590;-4,317E-3
73,623;-3,795E-3
73,656;-2,841E-3
73,690;-2,714E-3
73,723;-2,586E-3
73,756;-1,192E-3
73,790;-8,366E-4
73,823;5,376E-5
73,857;6,129E-4
73,890;1,600E-3
73,923;2,421E-3
73,957;3,147E-3
73,990;3,999E-3
74,023;4,279E-3
74,057;5,272E-3
74,090;5,791E-3
74,124;6,026E-3
74,157;6,947E-3
74,190;7,355E-3
74,224;8,675E-3
74,257;9,297E-3
74,290;1,031E-2
74,324;1,109E-2
74,357;1,150E-2
74,391;1,191E-2
74,424;1,290E-2
74,457;1,432E-2
74,491;1,436E-2
74,524;1,548E-2
74,557;1,579E-2
74,591;1,643E-2
74,624;1,733E-2
74,658;1,695E-2
74,691;1,841E-2
74,724;1,852E-2
74,758;1,973E-2
74,791;1,945E-2
74,824;2,048E-2
74,858;2,119E-2
74,891;2,214E-2
74,925;2,294E-2
74,958;2,355E-2
74,991;2,454E-2
75,025;2,503E-2
75,058;2,587E-2
75,091;2,612E-2
75,125;2,704E-2
75,158;2,743E-2
75,192;2,810E-2
75,225;2,858E-2
75,258;2,919E-2
75,292;3,025E-2
75,325;3,082E-2
75,358;3,153E-2
75,392;3,226E-2
75,425;3,268E-2
75,459;3,312E-2
75,492;3,414E-2
75,525;3,466E-2
75,559;3,505E-2
75,592;3,575E-2
75,625;3,654E-2
75,659;3,719E-2
75,692;3,781E-2
75,726;3,863E-2
75,759;3,918E-2
75,792;4,006E-2
75,826;4,006E-2
75,859;4,046E-2
75,892;4,131E-2
75,926;4,216E-2
75,959;4,268E-2
75,993;4,307E-2
76,026;4,413E-2
76,059;4,515E-2
76,093;4,543E-2
76,126;4,585E-2
76,159;4,681E-2
76,193;4,779E-2
76,226;4,798E-2
76,260;4,873E-2
76,293;4,950E-2
76,326;5,032E-2
76,360;5,126E-2
76,393;5,222E-2
76,426;5,253E-2
76,460;5,342E-2
76,493;5,381E-2
76,527;5,464E-2
76,560;5,539E-2
76,593;5,554E-2
76,627;5,585E-2
76,660;5,662E-2
76,693;5,724E-2
76,727;5,766E-2
76,760;5,819E-2
76,794;5,887E-2
76,827;5,951E-2
76,860;6,016E-2
76,894;6,085E-2
76,927;6,091E-2
76,960;6,197E-2
76,994;6,231E-2
77,027;6,327E-2
77,061;6,379E-2
77,094;6,425E-2
77,127;6,465E-2
77,161;6,556E-2
77,194;6,633E-2
77,227;6,668E-2
77,261;6,741E-2
77,294;6,801E-2
77,328;6,855E-2
77,361;6,907E-2
77,394;6,916E-2
77,428;7,082E-2
77,461;7,115E-2
77,494;7,167E-2
77,528;7,158E-2
77,561;7,256E-2
77,595;7,276E-2
77,628;7,306E-2
77,661;7,356E-2
77,695;7,475E-2
77,728;7,468E-2
77,761;7,571E-2
77,795;7,598E-2
77,828;7,636E-2
77,861;7,670E-2
77,895;7,747E-2
77,928;7,795E-2
77,962;7,795E-2
77,995;7,832E-2
78,028;7,912E-2
78,062;7,952E-2
78,095;7,987E-2
78,128;8,044E-2
78,162;8,123E-2
78,195;8,166E-2
78,229;8,172E-2
78,262;8,174E-2
78,295;8,188E-2
78,329;8,271E-2
78,362;8,321E-2
78,395;8,369E-2
78,429;8,388E-2
78,462;8,433E-2
78,496;8,489E-2
78,529;8,504E-2
78,562;8,575E-2
78,596;8,606E-2
78,629;8,674E-2
78,662;8,692E-2
78,696;8,755E-2
78,729;8,804E-2
78,763;8,824E-2
78,796;8,838E-2
78,829;8,873E-2
78,863;8,937E-2
78,896;8,977E-2
78,929;8,975E-2
78,963;9,031E-2
78,996;9,061E-2
79,030;9,097E-2
79,063;9,118E-2
79,096;9,144E-2
79,130;9,159E-2
79,163;9,203E-2
79,196;9,199E-2
79,230;9,244E-2
79,263;9,269E-2
79,297;9,281E-2
79,330;9,281E-2
79,363;9,280E-2
79,397;9,330E-2
79,430;9,405E-2
79,463;9,444E-2
79,497;9,430E-2
79,530;9,453E-2
79,564;9,481E-2
79,597;9,499E-2
79,630;9,510E-2
79,664;9,507E-2
79,697;9,583E-2
79,730;9,610E-2
79,764;9,649E-2
79,797;9,664E-2
79,831;9,661E-2
79,864;9,666E-2
79,897;9,721E-2
79,931;9,740E-2
79,964;9,732E-2
79,997;9,754E-2
80,031;9,757E-2
80,064;9,755E-2
80,098;9,844E-2
80,131;9,855E-2
80,164;9,863E-2
80,198;9,855E-2
80,231;9,871E-2
80,264;9,870E-2
80,298;9,869E-2
80,331;9,880E-2
80,365;9,868E-2
80,398;9,873E-2
80,431;9,869E-2
80,465;9,867E-2
80,498;9,917E-2
80,531;9,912E-2
80,565;9,931E-2
80,598;9,923E-2
80,632;9,919E-2
80,665;9,917E-2
80,698;9,914E-2
80,732;9,917E-2
80,765;9,909E-2
80,798;9,921E-2
80,832;9,912E-2
80,865;9,916E-2
80,899;9,925E-2
80,932;9,913E-2
80,965;9,911E-2
80,999;9,903E-2
81,032;9,924E-2
81,065;9,920E-2
81,099;9,917E-2
81,132;9,917E-2
81,166;9,934E-2
81,199;9,930E-2
81,232;9,931E-2
81,266;9,931E-2
81,299;9,928E-2
81,332;9,921E-2
81,366;9,920E-2
81,399;9,922E-2
81,433;9,922E-2
81,466;9,913E-2
81,499;9,915E-2
81,533;9,907E-2
81,566;9,917E-2
81,599;9,915E-2
81,633;9,885E-2
81,666;9,893E-2
81,700;9,884E-2
81,733;9,897E-2
81,766;9,849E-2
81,800;9,849E-2
81,833;9,814E-2
81,866;9,785E-2
81,900;9,785E-2
81,933;9,794E-2
81,966;9,777E-2
82,000;9,776E-2
82,033;9,667E-2
82,067;9,682E-2
82,100;9,680E-2
82,133;9,650E-2
82,167;9,677E-2
82,200;9,639E-2
82,233;9,601E-2
82,267;9,585E-2
82,300;9,584E-2
82,334;9,496E-2
82,367;9,514E-2
82,400;9,474E-2
82,434;9,470E-2
82,467;9,455E-2
82,500;9,452E-2
82,534;9,408E-2
82,567;9,375E-2
82,601;9,318E-2
82,634;9,291E-2
82,667;9,323E-2
82,701;9,272E-2
82,734;9,270E-2
82,767;9,201E-2
82,801;9,146E-2
82,834;9,124E-2
82,868;9,087E-2
82,901;9,055E-2
82,934;9,043E-2
82,968;8,998E-2
83,001;9,001E-2
83,034;8,907E-2
83,068;8,945E-2
83,101;8,881E-2
83,135;8,855E-2
83,168;8,750E-2
83,201;8,757E-2
83,235;8,676E-2
83,268;8,657E-2
83,301;8,661E-2
83,335;8,578E-2
83,368;8,562E-2
83,402;8,524E-2
83,435;8,477E-2
83,468;8,436E-2
83,502;8,421E-2
83,535;8,398E-2
83,568;8,337E-2
83,602;8,307E-2
83,635;8,242E-2
83,669;8,192E-2
83,702;8,175E-2
83,735;8,149E-2
83,769;8,089E-2
83,802;8,063E-2
83,835;7,984E-2
83,869;7,975E-2
83,902;7,941E-2
83,936;7,913E-2
83,969;7,795E-2
84,002;7,724E-2
84,036;7,683E-2
84,069;7,654E-2
84,102;7,631E-2
84,136;7,604E-2
84,169;7,557E-2
84,203;7,494E-2
84,236;7,408E-2
84,269;7,376E-2
84,303;7,314E-2
84,336;7,272E-2
84,369;7,229E-2
84,403;7,167E-2
84,436;7,116E-2
84,470;7,019E-2
84,503;6,993E-2
84,536;6,943E-2
84,570;6,895E-2
84,603;6,796E-2
84,636;6,750E-2
84,670;6,673E-2
84,703;6,653E-2
84,737;6,594E-2
84,770;6,485E-2
84,803;6,444E-2
84,837;6,416E-2
84,870;6,382E-2
84,903;6,290E-2
84,937;6,257E-2
84,970;6,187E-2
85,004;6,128E-2
85,037;6,059E-2
85,070;6,023E-2
85,104;5,950E-2
85,137;5,873E-2
85,170;5,847E-2
85,204;5,816E-2
85,237;5,725E-2
85,271;5,677E-2
85,304;5,609E-2
85,337;5,578E-2
85,371;5,494E-2
85,404;5,452E-2
85,437;5,358E-2
85,471;5,287E-2
85,504;5,215E-2
85,538;5,145E-2
85,571;5,134E-2
85,604;5,049E-2
85,638;5,035E-2
85,671;4,943E-2
85,704;4,854E-2
85,738;4,715E-2
85,771;4,696E-2
85,805;4,633E-2
85,838;4,611E-2
85,871;4,521E-2
85,905;4,489E-2
85,938;4,388E-2
85,971;4,300E-2
86,005;4,257E-2
86,038;4,249E-2
86,071;4,165E-2
86,105;4,070E-2
86,138;4,045E-2
86,172;3,863E-2
86,205;3,813E-2
86,238;3,763E-2
86,272;3,733E-2
86,305;3,645E-2
86,338;3,569E-2
86,372;3,518E-2
86,405;3,422E-2
86,439;3,397E-2
86,472;3,251E-2
86,505;3,276E-2
86,539;3,098E-2
86,572;3,087E-2
86,605;3,061E-2
86,639;3,009E-2
86,672;2,946E-2
86,706;2,820E-2
86,739;2,745E-2
86,772;2,739E-2
86,806;2,675E-2
86,839;2,595E-2
86,872;2,481E-2
86,906;2,475E-2
86,939;2,420E-2
86,973;2,318E-2
87,006;2,233E-2
87,039;2,130E-2
87,073;2,138E-2
87,106;2,097E-2
87,139;1,999E-2
87,173;1,987E-2
87,206;1,916E-2
87,240;1,829E-2
87,273;1,756E-2
87,306;1,647E-2
87,340;1,567E-2
87,373;1,532E-2
87,406;1,392E-2
87,440;1,379E-2
87,473;1,402E-2
87,507;1,270E-2
87,540;1,265E-2
87,573;1,205E-2
87,607;1,144E-2
87,640;1,079E-2
87,673;1,019E-2
87,707;9,699E-3
87,740;9,067E-3
87,774;8,491E-3
87,807;7,549E-3
87,840;7,175E-3
87,874;6,626E-3
87,907;6,044E-3
87,940;5,178E-3
87,974;4,720E-3
88,007;3,726E-3
88,041;3,109E-3
88,074;2,253E-3
88,107;8,570E-4
88,141;5,449E-4
88,174;-3,179E-4
88,207;-8,560E-4
88,241;-1,515E-3
88,274;-1,777E-3
88,308;-2,758E-3
88,341;-3,551E-3
88,374;-3,724E-3
88,408;-4,727E-3
88,441;-5,087E-3
88,474;-5,105E-3
88,508;-6,303E-3
88,541;-6,755E-3
88,575;-7,640E-3
88,608;-8,568E-3
88,641;-9,318E-3
88,675;-9,212E-3
88,708;-9,795E-3
88,741;-9,959E-3
88,775;-1,020E-2
88,808;-1,103E-2
88,842;-1,210E-2
88,875;-1,279E-2
88,908;-1,260E-2
88,942;-1,365E-2
88,975;-1,381E-2
89,008;-1,453E-2
89,042;-1,496E-2
89,075;-1,607E-2
89,109;-1,616E-2
89,142;-1,655E-2
89,175;-1,697E-2
89,209;-1,800E-2
89,242;-1,841E-2
89,275;-1,901E-2
89,309;-1,942E-2
89,342;-1,962E-2
89,376;-2,001E-2
89,409;-1,999E-2
89,442;-2,079E-2
89,476;-2,103E-2
89,509;-2,173E-2
89,542;-2,204E-2
89,576;-2,294E-2
89,609;-2,375E-2
89,643;-2,411E-2
89,676;-2,434E-2
89,709;-2,441E-2
89,743;-2,528E-2
89,776;-2,610E-2
89,809;-2,591E-2
89,843;-2,671E-2
89,876;-2,684E-2
89,910;-2,755E-2
89,943;-2,788E-2
89,976;-2,883E-2
90,010;-2,932E-2
90,043;-2,977E-2
90,076;-3,018E-2
90,110;-3,089E-2
90,143;-3,138E-2
90,176;-3,170E-2
90,210;-3,173E-2
90,243;-3,274E-2
90,277;-3,283E-2
90,310;-3,403E-2
90,343;-3,412E-2
90,377;-3,391E-2
90,410;-3,485E-2
90,443;-3,532E-2
90,477;-3,531E-2
90,510;-3,644E-2
90,544;-3,651E-2
90,577;-3,729E-2
90,610;-3,760E-2
90,644;-3,768E-2
90,677;-3,797E-2
90,710;-3,854E-2
90,744;-3,872E-2
90,777;-3,934E-2
90,811;-3,944E-2
90,844;-3,992E-2
90,877;-3,995E-2
90,911;-4,001E-2
90,944;-4,037E-2
90,977;-4,048E-2
91,011;-4,060E-2
91,044;-4,121E-2
91,078;-4,132E-2
91,111;-4,155E-2
91,144;-4,234E-2
91,178;-4,226E-2
91,211;-4,227E-2
91,244;-4,267E-2
91,278;-4,282E-2
91,311;-4,379E-2
91,345;-4,395E-2
91,378;-4,416E-2
91,411;-4,421E-2
91,445;-4,458E-2
91,478;-4,491E-2
91,511;-4,491E-2
91,545;-4,509E-2
91,578;-4,495E-2
91,612;-4,537E-2
91,645;-4,559E-2
91,678;-4,613E-2
91,712;-4,607E-2
91,745;-4,602E-2
91,778;-4,606E-2
91,812;-4,609E-2
91,845;-4,708E-2
91,879;-4,711E-2
91,912;-4,730E-2
91,945;-4,733E-2
91,979;-4,798E-2
92,012;-4,810E-2
92,045;-4,811E-2
92,079;-4,813E-2
92,112;-4,862E-2
92,146;-4,906E-2
92,179;-4,880E-2
92,212;-4,906E-2
92,246;-4,910E-2
92,279;-4,919E-2
92,312;-4,939E-2
92,346;-4,932E-2
92,379;-4,990E-2
92,413;-4,996E-2
92,446;-5,011E-2
92,479;-5,016E-2
92,513;-5,022E-2
92,546;-5,032E-2
92,579;-5,018E-2
92,613;-5,036E-2
92,646;-5,073E-2
92,680;-5,068E-2
92,713;-5,069E-2
92,746;-5,067E-2
92,780;-5,069E-2
92,813;-5,081E-2
92,846;-5,067E-2
92,880;-5,073E-2
92,913;-5,084E-2
92,947;-5,076E-2
92,980;-5,073E-2
93,013;-5,081E-2
93,047;-5,079E-2
93,080;-5,113E-2
93,113;-5,081E-2
93,147;-5,076E-2
93,180;-5,092E-2
93,214;-5,084E-2
93,247;-5,072E-2
93,280;-5,067E-2
93,314;-5,056E-2
93,347;-5,046E-2
93,380;-5,050E-2
93,414;-5,067E-2
93,447;-5,050E-2
93,481;-5,055E-2
93,514;-5,037E-2
93,547;-5,026E-2
93,581;-5,048E-2
93,614;-5,067E-2
93,647;-5,052E-2
93,681;-5,054E-2
93,714;-4,987E-2
93,748;-4,971E-2
93,781;-4,956E-2
93,814;-4,957E-2
93,848;-4,898E-2
93,881;-4,914E-2
93,914;-4,885E-2
93,948;-4,880E-2
93,981;-4,941E-2
94,015;-4,935E-2
94,048;-4,903E-2
94,081;-4,881E-2
94,115;-4,896E-2
94,148;-4,894E-2
94,181;-4,842E-2
94,215;-4,819E-2
94,248;-4,823E-2
94,281;-4,787E-2
94,315;-4,769E-2
94,348;-4,732E-2
94,382;-4,699E-2
94,415;-4,661E-2
94,448;-4,691E-2
94,482;-4,632E-2
94,515;-4,631E-2
94,548;-4,607E-2
94,582;-4,490E-2
94,615;-4,488E-2
94,649;-4,559E-2
94,682;-4,577E-2
94,715;-4,488E-2
94,749;-4,475E-2
94,782;-4,458E-2
94,815;-4,417E-2
94,849;-4,417E-2
94,882;-4,335E-2
94,916;-4,346E-2
94,949;-4,343E-2
94,982;-4,289E-2
95,016;-4,258E-2
95,049;-4,187E-2
95,082;-4,147E-2
95,116;-4,104E-2
95,149;-4,089E-2
95,183;-4,022E-2
95,216;-4,021E-2
95,249;-3,990E-2
95,283;-3,977E-2
95,316;-3,904E-2
95,349;-3,895E-2
95,383;-3,815E-2
95,416;-3,838E-2
95,450;-3,777E-2
95,483;-3,738E-2
95,516;-3,698E-2
95,550;-3,654E-2
95,583;-3,628E-2
95,616;-3,627E-2
95,650;-3,562E-2
95,683;-3,518E-2
95,717;-3,482E-2
95,750;-3,444E-2
95,783;-3,395E-2
95,817;-3,346E-2
95,850;-3,309E-2
95,883;-3,273E-2
95,917;-3,186E-2
95,950;-3,160E-2
95,984;-3,123E-2
96,017;-3,072E-2
96,050;-3,000E-2
96,084;-2,988E-2
96,117;-2,900E-2
96,150;-2,856E-2
96,184;-2,839E-2
96,217;-2,821E-2
96,251;-2,692E-2
96,284;-2,651E-2
96,317;-2,578E-2
96,351;-2,566E-2
96,384;-2,560E-2
96,417;-2,534E-2
96,451;-2,462E-2
96,484;-2,422E-2
96,518;-2,339E-2
96,551;-2,288E-2
96,584;-2,218E-2
96,618;-2,166E-2
96,651;-2,126E-2
96,684;-2,072E-2
96,718;-2,030E-2
96,751;-1,963E-2
96,785;-1,963E-2
96,818;-1,867E-2
96,851;-1,785E-2
96,885;-1,737E-2
96,918;-1,744E-2
96,951;-1,700E-2
96,985;-1,648E-2
97,018;-1,587E-2
97,052;-1,566E-2
97,085;-1,463E-2
97,118;-1,443E-2
97,152;-1,390E-2
97,185;-1,267E-2
97,218;-1,243E-2
97,252;-1,155E-2
97,285;-1,094E-2
97,319;-1,046E-2
97,352;-1,010E-2
97,385;-9,264E-3
97,419;-8,720E-3
97,452;-7,879E-3
97,485;-7,577E-3
97,519;-7,047E-3
97,552;-6,149E-3
97,586;-5,542E-3
97,619;-4,995E-3
97,652;-4,403E-3
97,686;-4,032E-3
97,719;-2,878E-3
97,752;-2,247E-3
97,786;-1,757E-3
97,819;-9,594E-4
97,853;-5,004E-4
97,886;6,810E-4
97,919;6,265E-4
97,953;1,067E-3
97,986;1,985E-3
98,019;2,684E-3
98,053;3,390E-3
98,086;3,544E-3
98,120;4,610E-3
98,153;5,205E-3
98,186;6,196E-3
98,220;6,707E-3
98,253;6,796E-3
98,286;7,589E-3
98,320;8,153E-3
98,353;9,075E-3
98,386;9,396E-3
98,420;1,004E-2
98,453;1,061E-2
98,487;1,124E-2
98,520;1,199E-2
98,553;1,280E-2
98,587;1,360E-2
98,620;1,410E-2
98,653;1,491E-2
98,687;1,549E-2
98,720;1,597E-2
98,754;1,646E-2
98,787;1,753E-2
98,820;1,793E-2
98,854;1,849E-2
98,887;1,884E-2
98,920;1,920E-2
98,954;1,980E-2
98,987;2,026E-2
99,021;2,176E-2
99,054;2,225E-2
99,087;2,255E-2
99,121;2,350E-2
99,154;2,395E-2
99,187;2,483E-2
99,221;2,564E-2
99,254;2,619E-2
99,288;2,689E-2
99,321;3,377E-2
99,354;3,414E-2
99,388;3,483E-2
99,421;3,550E-2
99,454;3,548E-2
99,488;3,578E-2
99,521;3,680E-2
99,555;3,778E-2
99,588;3,813E-2
99,621;3,864E-2
99,655;3,920E-2
99,688;3,947E-2
99,721;4,041E-2
99,755;4,098E-2
99,788;4,205E-2
99,822;4,225E-2
99,855;4,277E-2
99,888;4,305E-2
99,922;4,396E-2
99,955;4,517E-2
99,988;4,544E-2
100,022;4,571E-2
100,055;4,576E-2
100,089;4,635E-2
100,122;4,750E-2
100,155;4,813E-2
100,189;4,879E-2
100,222;4,935E-2
100,255;4,989E-2
100,289;5,096E-2
100,322;5,102E-2
100,356;5,163E-2
100,389;5,254E-2
100,422;5,259E-2
100,456;5,353E-2
100,489;5,366E-2
100,522;5,463E-2
100,556;5,539E-2
100,589;5,590E-2
100,623;5,717E-2
100,656;5,731E-2
100,689;5,776E-2
100,723;5,798E-2
100,756;5,858E-2
100,789;5,991E-2
100,823;6,030E-2
100,856;5,956E-2
100,890;5,998E-2
100,923;6,183E-2
100,956;6,198E-2
100,990;6,302E-2
101,023;6,345E-2
101,056;6,414E-2
101,090;6,458E-2
101,123;6,547E-2
101,157;6,582E-2
101,190;6,655E-2
101,223;6,699E-2
101,257;6,786E-2
101,290;6,772E-2
101,323;6,904E-2
101,357;6,933E-2
101,390;7,016E-2
101,424;7,055E-2
101,457;7,193E-2
101,490;7,255E-2
101,524;7,333E-2
101,557;7,370E-2
101,590;7,388E-2
101,624;7,430E-2
101,657;7,482E-2
101,691;7,510E-2
101,724;7,601E-2
101,757;7,649E-2
101,791;7,763E-2
101,824;7,767E-2
101,857;7,865E-2
101,891;7,884E-2
101,924;7,980E-2
101,958;7,995E-2
101,991;8,004E-2
102,024;8,035E-2
102,058;8,103E-2
102,091;8,126E-2
102,124;8,107E-2
102,158;8,216E-2
102,191;8,254E-2
102,225;8,294E-2
102,258;8,232E-2
102,291;8,244E-2
102,325;8,328E-2
102,358;8,340E-2
102,391;8,328E-2
102,425;8,398E-2
102,458;8,477E-2
102,491;8,500E-2
102,525;8,603E-2
102,558;8,626E-2
102,592;8,673E-2
102,625;8,692E-2
102,658;8,721E-2
102,692;8,742E-2
102,725;8,728E-2
102,758;8,850E-2
102,792;8,979E-2
102,825;9,018E-2
102,859;9,061E-2
102,892;9,087E-2
102,925;9,087E-2
102,959;9,119E-2
102,992;9,147E-2
103,025;9,149E-2
103,059;9,204E-2
103,092;9,220E-2
103,126;9,224E-2
103,159;9,387E-2
103,192;9,275E-2
103,226;9,294E-2
103,259;9,324E-2
103,292;9,350E-2
103,326;9,383E-2
103,359;9,397E-2
103,393;9,393E-2
103,426;9,474E-2
103,459;9,449E-2
103,493;9,460E-2
103,526;9,444E-2
103,559;9,533E-2
103,593;9,633E-2
103,626;9,649E-2
103,660;9,709E-2
103,693;9,683E-2
103,726;9,655E-2
103,760;9,706E-2
103,793;9,736E-2
103,826;9,773E-2
103,860;9,812E-2
103,893;9,808E-2
103,927;9,813E-2
103,960;9,822E-2
103,993;9,908E-2
104,027;9,920E-2
104,060;9,920E-2
104,093;9,929E-2
104,127;9,920E-2
104,160;9,915E-2
104,194;9,929E-2
104,227;9,924E-2
104,260;9,907E-2
104,294;9,899E-2
104,327;9,919E-2
104,360;9,922E-2
104,394;9,914E-2
104,427;9,925E-2
104,461;9,933E-2
104,494;9,923E-2
104,527;9,916E-2
104,561;9,917E-2
104,594;9,923E-2
104,627;9,919E-2
104,661;9,940E-2
104,694;9,927E-2
104,728;9,925E-2
104,761;9,935E-2
104,794;9,919E-2
104,828;9,922E-2
104,861;9,926E-2
104,894;9,924E-2
104,928;9,925E-2
104,961;9,926E-2
104,995;9,923E-2
105,028;9,921E-2
105,061;9,926E-2
105,095;9,924E-2
105,128;9,929E-2
105,161;9,925E-2
105,195;9,921E-2
105,228;9,918E-2
105,262;9,922E-2
105,295;9,920E-2
105,328;9,930E-2
105,362;9,921E-2
105,395;9,929E-2
105,428;9,921E-2
105,462;9,924E-2
105,495;9,923E-2
105,529;9,922E-2
105,562;9,921E-2
105,595;9,921E-2
105,629;9,922E-2
105,662;9,922E-2
105,695;9,920E-2
105,729;9,923E-2
105,762;9,921E-2
105,796;0,100
105,829;0,100
105,862;9,924E-2
105,896;9,912E-2
105,929;9,910E-2
105,962;9,896E-2
105,996;9,912E-2
106,029;9,909E-2
106,063;9,897E-2
106,096;9,911E-2
106,129;9,921E-2
106,163;9,902E-2
106,196;9,889E-2
106,229;9,892E-2
106,263;9,810E-2
106,296;9,797E-2
106,330;9,782E-2
106,363;9,795E-2
106,396;9,687E-2
106,430;9,683E-2
106,463;9,661E-2
106,496;9,671E-2
106,530;9,679E-2
106,563;9,690E-2
106,596;9,670E-2
106,630;9,608E-2
106,663;9,563E-2
106,697;9,552E-2
106,730;9,548E-2
106,763;9,529E-2
106,797;9,450E-2
106,830;9,437E-2
106,863;9,434E-2
106,897;9,419E-2
106,930;9,373E-2
106,964;9,319E-2
106,997;9,304E-2
107,030;9,288E-2
107,064;9,204E-2
107,097;9,204E-2
107,130;9,180E-2
107,164;9,171E-2
107,197;9,083E-2
107,231;9,073E-2
107,264;9,045E-2
107,297;8,958E-2
107,331;8,937E-2
107,364;8,927E-2
107,397;8,847E-2
107,431;8,832E-2
107,464;8,730E-2
107,498;8,698E-2
107,531;8,701E-2
107,564;8,604E-2
107,598;8,635E-2
107,631;8,609E-2
107,664;8,578E-2
107,698;8,529E-2
107,731;8,481E-2
107,765;8,438E-2
107,798;8,368E-2
107,831;8,276E-2
107,865;8,245E-2
107,898;8,221E-2
107,931;8,130E-2
107,965;8,113E-2
107,998;8,111E-2
108,032;8,014E-2
108,065;7,997E-2
108,098;7,898E-2
108,132;7,864E-2
108,165;7,753E-2
108,198;7,747E-2
108,232;7,735E-2
108,265;7,638E-2
108,299;7,624E-2
108,332;7,535E-2
108,365;7,506E-2
108,399;7,504E-2
108,432;7,388E-2
108,465;7,389E-2
108,499;7,281E-2
108,532;7,269E-2
108,566;7,178E-2
108,599;7,141E-2
108,632;7,063E-2
108,666;7,020E-2
108,699;6,920E-2
108,732;6,905E-2
108,766;6,804E-2
108,799;6,778E-2
108,833;6,670E-2
108,866;6,662E-2
108,899;6,555E-2
108,933;6,574E-2
108,966;6,536E-2
108,999;6,441E-2
109,033;6,427E-2
109,066;6,304E-2
109,100;6,253E-2
109,133;6,180E-2
109,166;6,122E-2
109,200;6,055E-2
109,233;5,976E-2
109,266;5,938E-2
109,300;5,859E-2
109,333;5,819E-2
109,367;5,736E-2
109,400;5,703E-2
109,433;5,623E-2
109,467;5,585E-2
109,500;5,610E-2
109,533;5,466E-2
109,567;5,374E-2
109,600;5,348E-2
109,634;5,330E-2
109,667;5,232E-2
109,700;5,135E-2
109,734;5,120E-2
109,767;5,086E-2
109,800;4,999E-2
109,834;4,935E-2
109,867;4,878E-2
109,901;4,823E-2
109,934;4,760E-2
109,967;4,707E-2
110,001;4,624E-2
110,034;4,537E-2
110,067;4,503E-2
110,101;4,525E-2
110,134;4,385E-2
110,168;4,320E-2
110,201;4,173E-2
110,234;4,154E-2
110,268;4,146E-2
110,301;4,053E-2
110,334;4,017E-2
110,368;3,929E-2
110,401;3,892E-2
110,435;3,820E-2
110,468;3,756E-2
110,501;3,666E-2
110,535;3,575E-2
110,568;3,543E-2
110,601;3,468E-2
110,635;3,400E-2
110,668;3,315E-2
110,701;3,226E-2
110,735;3,192E-2
110,768;3,117E-2
110,802;3,096E-2
110,835;3,001E-2
110,868;2,975E-2
110,902;2,919E-2
110,935;2,844E-2
110,968;2,775E-2
111,002;2,723E-2
111,035;2,635E-2
111,069;2,582E-2
111,102;2,530E-2
111,135;2,498E-2
111,169;2,363E-2
111,202;2,355E-2
111,235;2,298E-2
111,269;2,223E-2
111,302;2,173E-2
111,336;2,052E-2
111,369;1,996E-2
111,402;1,906E-2
111,436;1,871E-2
111,469;1,802E-2
111,502;1,763E-2
111,536;1,710E-2
111,569;1,643E-2
111,603;1,564E-2
111,636;1,559E-2
111,669;1,396E-2
111,703;1,391E-2
111,736;1,319E-2
111,769;1,378E-2
111,803;1,204E-2
111,836;1,084E-2
111,870;9,548E-3
111,903;9,153E-3
111,936;8,433E-3
111,970;8,257E-3
112,003;7,144E-3
112,036;6,610E-3
112,070;6,195E-3
112,103;5,681E-3
112,137;4,998E-3
112,170;4,940E-3
112,203;3,972E-3
112,237;3,452E-3
112,270;2,938E-3
112,303;2,593E-3
112,337;1,931E-3
112,370;1,367E-3
112,404;5,135E-5
112,437;-6,711E-4
112,470;-1,123E-3
112,504;-1,612E-3
112,537;-2,383E-3
112,570;-2,725E-3
112,604;-2,778E-3
112,637;-3,477E-3
112,671;-3,429E-3
112,704;-3,927E-3
112,737;-4,829E-3
112,771;-5,063E-3
112,804;-6,840E-3
112,837;-4,760E-3
112,871;-5,713E-3
112,904;-6,207E-3
112,938;-6,241E-3
112,971;-6,736E-3
113,004;-7,358E-3
113,038;-7,884E-3
113,071;-8,291E-3
113,104;-8,867E-3
113,138;-9,347E-3
113,171;-9,822E-3
113,205;-1,069E-2
113,238;-1,113E-2
113,271;-1,140E-2
113,305;-1,170E-2
113,338;-1,240E-2
113,371;-1,323E-2
113,405;-1,369E-2
113,438;-1,389E-2
113,472;-1,478E-2
113,505;-1,504E-2
113,538;-1,550E-2
113,572;-1,595E-2
113,605;-1,673E-2
113,638;-1,696E-2
113,672;-1,756E-2
113,705;-1,840E-2
113,739;-1,893E-2
113,772;-1,910E-2
113,805;-1,982E-2
113,839;-2,048E-2
113,872;-2,060E-2
113,905;-2,081E-2
113,939;-2,140E-2
113,972;-2,199E-2
114,006;-2,304E-2
114,039;-2,300E-2
114,072;-2,428E-2
114,106;-2,447E-2
114,139;-2,453E-2
114,172;-2,478E-2
114,206;-2,488E-2
114,239;-2,506E-2
114,273;-2,608E-2
114,306;-2,637E-2
114,339;-2,707E-2
114,373;-2,803E-2
114,406;-2,776E-2
114,439;-2,800E-2
114,473;-2,892E-2
114,506;-2,929E-2
114,539;-2,991E-2
114,573;-3,019E-2
114,606;-3,041E-2
114,640;-3,033E-2
114,673;-3,079E-2
114,706;-3,128E-2
114,740;-3,226E-2
114,773;-3,219E-2
114,806;-3,256E-2
114,840;-3,282E-2
114,873;-3,287E-2
114,907;-3,350E-2
114,940;-3,384E-2
114,973;-3,436E-2
115,007;-3,423E-2
115,040;-3,477E-2
115,073;-3,468E-2
115,107;-3,541E-2
115,140;-3,575E-2
115,174;-3,582E-2
115,207;-3,655E-2
115,240;-3,666E-2
115,274;-3,680E-2
115,307;-3,691E-2
115,340;-3,822E-2
115,374;-3,827E-2
115,407;-3,825E-2
115,441;-3,829E-2
115,474;-3,880E-2
115,507;-3,893E-2
115,541;-3,895E-2
115,574;-3,903E-2
115,607;-4,012E-2
115,641;-4,013E-2
115,674;-4,017E-2
115,708;-4,023E-2
115,741;-4,075E-2
115,774;-4,066E-2
115,808;-4,114E-2
115,841;-4,129E-2
115,874;-4,201E-2
115,908;-4,228E-2
115,941;-4,227E-2
115,975;-4,240E-2
116,008;-4,260E-2
116,041;-4,285E-2
116,075;-4,296E-2
116,108;-4,294E-2
116,141;-4,338E-2
116,175;-4,347E-2
116,208;-4,345E-2
116,242;-4,369E-2
116,275;-4,364E-2
116,308;-4,402E-2
116,342;-4,381E-2
116,375;-4,421E-2
116,408;-4,566E-2
116,442;-4,573E-2
116,475;-4,589E-2
116,509;-4,583E-2
116,542;-4,587E-2
116,575;-4,589E-2
116,609;-4,598E-2
116,642;-4,638E-2
116,675;-4,645E-2
116,709;-4,644E-2
116,742;-4,630E-2
116,776;-4,660E-2
116,809;-4,662E-2
116,842;-4,667E-2
116,876;-4,661E-2
116,909;-4,657E-2
116,942;-4,656E-2
116,976;-4,659E-2
117,009;-4,659E-2
117,043;-4,661E-2
117,076;-4,673E-2
117,109;-4,676E-2
117,143;-4,659E-2
117,176;-4,666E-2
117,209;-4,688E-2
117,243;-4,701E-2
117,276;-4,710E-2
117,310;-4,707E-2
117,343;-4,698E-2
117,376;-4,705E-2
117,410;-4,693E-2
117,443;-4,704E-2
117,476;-4,698E-2
117,510;-4,702E-2
117,543;-4,688E-2
117,577;-4,702E-2
117,610;-4,696E-2
117,643;-4,705E-2
117,677;-4,704E-2
117,710;-4,691E-2
117,743;-4,675E-2
117,777;-4,655E-2
117,810;-4,655E-2
117,844;-4,634E-2
117,877;-4,651E-2
117,910;-4,644E-2
117,944;-4,630E-2
117,977;-4,630E-2
118,010;-4,626E-2
118,044;-4,599E-2
118,077;-4,579E-2
118,111;-4,565E-2
118,144;-4,577E-2
118,177;-4,557E-2
118,211;-4,535E-2
118,244;-4,514E-2
118,277;-4,512E-2
118,311;-4,472E-2
118,344;-4,457E-2
118,378;-4,434E-2
118,411;-4,401E-2
118,444;-4,389E-2
118,478;-4,370E-2
118,511;-4,314E-2
118,544;-4,247E-2
118,578;-4,230E-2
118,611;-4,185E-2
118,644;-4,157E-2
118,678;-4,117E-2
118,711;-4,109E-2
118,745;-4,067E-2
118,778;-4,044E-2
118,811;-4,031E-2
118,845;-4,016E-2
118,878;-3,990E-2
118,911;-3,983E-2
118,945;-3,969E-2
118,978;-3,922E-2
119,012;-3,913E-2
119,045;-3,869E-2
119,078;-3,833E-2
119,112;-3,796E-2
119,145;-3,791E-2
119,178;-3,771E-2
119,212;-3,718E-2
119,245;-3,719E-2
119,279;-3,627E-2
119,312;-3,608E-2
119,345;-3,582E-2
119,379;-3,551E-2
119,412;-3,486E-2
119,445;-3,467E-2
119,479;-3,403E-2
119,512;-3,361E-2
119,546;-3,331E-2
119,579;-3,269E-2
119,612;-3,275E-2
119,646;-3,250E-2
119,679;-3,206E-2
119,712;-3,172E-2
119,746;-3,131E-2
119,779;-3,090E-2
119,813;-3,065E-2
119,846;-3,001E-2
119,879;-2,960E-2
119,913;-2,941E-2
119,946;-2,876E-2
119,979;-2,827E-2
120,013;-2,805E-2
120,046;-2,763E-2
120,080;-2,725E-2
120,113;-2,669E-2
120,146;-2,624E-2
120,180;-2,574E-2
120,213;-2,533E-2
120,246;-2,490E-2
120,280;-2,424E-2
120,313;-2,349E-2
120,347;-2,294E-2
120,380;-2,251E-2
120,413;-2,225E-2
120,447;-2,172E-2
120,480;-2,145E-2
120,513;-2,081E-2
120,547;-2,042E-2
120,580;-1,992E-2
120,614;-1,932E-2
120,647;-1,877E-2
120,680;-1,840E-2
120,714;-1,798E-2
120,747;-1,724E-2
120,780;-1,678E-2
120,814;-1,606E-2
120,847;-1,566E-2
120,881;-1,519E-2
120,914;-1,465E-2
120,947;-1,444E-2
120,981;-1,383E-2
121,014;-1,328E-2
121,047;-1,268E-2
121,081;-1,223E-2
121,114;-1,159E-2
121,148;-1,115E-2
121,181;-1,047E-2
121,214;-1,035E-2
121,248;-9,689E-3
121,281;-9,206E-3
121,314;-8,676E-3
121,348;-8,208E-3
121,381;-7,308E-3
121,415;-6,865E-3
121,448;-6,208E-3
121,481;-5,585E-3
121,515;-5,053E-3
121,548;-4,343E-3
121,581;-3,682E-3
121,615;-3,279E-3
121,648;-2,414E-3
121,682;-1,688E-3
121,715;-1,217E-3
121,748;2,169E-4
121,782;5,567E-4
121,815;6,053E-4
121,848;1,931E-3
121,882;2,457E-3
121,915;3,008E-3
121,949;3,676E-3
121,982;4,313E-3
122,015;4,648E-3
122,049;5,058E-3
122,082;5,576E-3
122,115;6,303E-3
122,149;7,126E-3
122,182;7,488E-3
122,216;8,328E-3
122,249;8,995E-3
122,282;8,431E-3
122,316;9,295E-3
122,349;9,508E-3
122,382;1,010E-2
122,416;1,069E-2
122,449;1,132E-2
122,483;1,185E-2
122,516;1,245E-2
122,549;1,310E-2
122,583;1,369E-2
122,616;1,415E-2
122,649;1,486E-2
122,683;1,543E-2
122,716;1,586E-2
122,749;1,669E-2
122,783;1,727E-2
122,816;1,812E-2
122,850;1,844E-2
122,883;1,908E-2
122,916;1,947E-2
122,950;2,005E-2
122,983;2,067E-2
123,016;2,133E-2
123,050;2,199E-2
123,083;2,263E-2
123,117;2,324E-2
123,150;2,370E-2
123,183;2,421E-2
123,217;2,505E-2
123,250;2,542E-2
123,283;2,627E-2
123,317;2,688E-2
123,350;2,738E-2
123,384;2,792E-2
123,417;2,852E-2
123,450;2,912E-2
123,484;3,008E-2
123,517;3,055E-2
123,550;3,123E-2
123,584;3,269E-2
123,617;4,222E-2
123,651;4,234E-2
123,684;4,284E-2
123,717;4,392E-2
123,751;4,422E-2
123,784;4,499E-2
123,817;4,508E-2
123,851;4,567E-2
123,884;4,735E-2
123,918;4,788E-2
123,951;4,756E-2
123,984;4,871E-2
124,018;4,955E-2
124,051;4,973E-2
124,084;5,009E-2
124,118;5,063E-2
124,151;5,213E-2
124,185;5,247E-2
124,218;5,255E-2
124,251;5,348E-2
124,285;5,420E-2
124,318;5,474E-2
124,351;5,505E-2
124,385;5,566E-2
124,418;5,643E-2
124,452;5,712E-2
124,485;5,751E-2
124,518;5,754E-2
124,552;5,843E-2
124,585;5,911E-2
124,618;5,991E-2
124,652;6,032E-2
124,685;6,068E-2
124,719;6,092E-2
124,752;6,180E-2
124,785;6,219E-2
124,819;6,266E-2
124,852;6,311E-2
124,885;6,373E-2
124,919;6,440E-2
124,952;6,415E-2
124,986;6,459E-2
125,019;6,493E-2
125,052;6,508E-2
125,086;6,714E-2
125,119;6,771E-2
125,152;6,767E-2
125,186;6,816E-2
125,219;6,938E-2
125,253;6,995E-2
125,286;7,028E-2
125,319;7,138E-2
125,353;7,126E-2
125,386;7,112E-2
125,419;7,150E-2
125,453;7,223E-2
125,486;7,313E-2
125,520;7,345E-2
125,553;7,393E-2
125,586;7,428E-2
125,620;7,480E-2
125,653;7,503E-2
125,686;7,597E-2
125,720;7,714E-2
125,753;7,664E-2
125,787;7,730E-2
125,820;7,814E-2
125,853;7,833E-2
125,887;7,864E-2
125,920;7,910E-2
125,953;7,990E-2
125,987;8,048E-2
126,020;8,045E-2
126,054;8,037E-2
126,087;8,101E-2
126,120;8,116E-2
126,154;8,106E-2
126,187;8,125E-2
126,220;8,242E-2
126,254;8,270E-2
126,287;8,357E-2
126,321;8,364E-2
126,354;8,378E-2
126,387;8,433E-2
126,421;8,467E-2
126,454;8,551E-2
126,487;8,575E-2
126,521;8,597E-2
126,554;8,600E-2
126,588;8,610E-2
126,621;8,606E-2
126,654;8,634E-2
126,688;8,732E-2
126,721;8,766E-2
126,754;8,787E-2
126,788;8,832E-2
126,821;8,840E-2
126,854;8,836E-2
126,888;8,843E-2
126,921;8,973E-2
126,955;8,960E-2
126,988;8,976E-2
127,021;8,983E-2
127,055;8,959E-2
127,088;9,073E-2
127,121;9,064E-2
127,155;9,083E-2
127,188;9,082E-2
127,222;9,177E-2
127,255;9,169E-2
127,288;9,201E-2
127,322;9,211E-2
127,355;9,295E-2
127,388;9,304E-2
127,422;9,298E-2
127,455;9,318E-2
127,489;9,342E-2
127,522;9,405E-2
127,555;9,425E-2
127,589;9,440E-2
127,622;9,458E-2
127,655;9,438E-2
127,689;9,446E-2
127,722;9,450E-2
127,756;9,505E-2
127,789;9,524E-2
127,822;9,544E-2
127,856;9,549E-2
127,889;9,568E-2
127,922;9,566E-2
127,956;9,570E-2
127,989;9,577E-2
128,023;9,593E-2
128,056;9,620E-2
128,089;9,627E-2
128,123;9,625E-2
128,156;9,707E-2
128,189;9,729E-2
128,223;9,730E-2
128,256;9,732E-2
128,290;9,748E-2
128,323;9,763E-2
128,356;9,786E-2
128,390;9,787E-2
128,423;9,802E-2
128,456;9,792E-2
128,490;9,905E-2
128,523;9,904E-2
128,557;9,801E-2
128,590;9,801E-2
128,623;9,801E-2
128,657;9,801E-2
128,690;9,807E-2
128,723;9,806E-2
128,757;9,800E-2
128,790;9,807E-2
128,824;9,818E-2
128,857;9,821E-2
128,890;9,798E-2
128,924;9,799E-2
128,957;9,856E-2
128,990;9,873E-2
129,024;9,862E-2
129,057;9,857E-2
129,091;9,852E-2
129,124;9,846E-2
129,157;9,859E-2
129,191;9,857E-2
129,224;9,846E-2
129,257;9,853E-2
129,291;9,845E-2
129,324;9,846E-2
129,358;9,840E-2
129,391;9,838E-2
129,424;9,861E-2
129,458;9,849E-2
129,491;9,849E-2
129,524;9,844E-2
129,558;9,838E-2
129,591;9,832E-2
129,625;9,803E-2
129,658;9,797E-2
129,691;9,782E-2
129,725;9,791E-2
129,758;9,753E-2
129,791;9,741E-2
129,825;9,722E-2
129,858;9,711E-2
129,892;9,704E-2
129,925;9,705E-2
129,958;9,673E-2
129,992;9,656E-2
130,025;9,606E-2
130,058;9,603E-2
130,092;9,568E-2
130,125;9,557E-2
130,159;9,518E-2
130,192;9,496E-2
130,225;9,470E-2
130,259;9,462E-2
130,292;9,474E-2
130,325;9,472E-2
130,359;9,387E-2
130,392;9,367E-2
130,426;9,349E-2
130,459;9,274E-2
130,492;9,239E-2
130,526;9,260E-2
130,559;9,235E-2
130,592;9,235E-2
130,626;9,157E-2
130,659;9,134E-2
130,693;9,118E-2
130,726;9,112E-2
130,759;9,014E-2
130,793;9,017E-2
130,826;9,001E-2
130,859;8,908E-2
130,893;8,889E-2
130,926;8,890E-2
130,959;8,868E-2
130,993;8,786E-2
131,026;8,761E-2
131,060;8,754E-2
131,093;8,753E-2
131,126;8,649E-2
131,160;8,639E-2
131,193;8,630E-2
131,226;8,539E-2
131,260;8,526E-2
131,293;8,522E-2
131,327;8,426E-2
131,360;8,409E-2
131,393;8,390E-2
131,427;8,386E-2
131,460;8,302E-2
131,493;8,278E-2
131,527;8,276E-2
131,560;8,182E-2
131,594;8,166E-2
131,627;8,157E-2
131,660;8,053E-2
131,694;8,043E-2
131,727;8,032E-2
131,760;7,947E-2
131,794;7,927E-2
131,827;7,917E-2
131,861;7,817E-2
131,894;7,797E-2
131,927;7,793E-2
131,961;7,699E-2
131,994;7,572E-2
132,027;7,575E-2
132,061;7,568E-2
132,094;7,552E-2
132,128;7,468E-2
132,161;7,440E-2
132,194;7,410E-2
132,228;7,344E-2
132,261;7,310E-2
132,294;7,223E-2
132,328;7,208E-2
132,361;7,157E-2
132,395;7,101E-2
132,428;7,078E-2
132,461;7,030E-2
132,495;6,980E-2
132,528;6,948E-2
132,561;6,873E-2
132,595;6,836E-2
132,628;6,748E-2
132,662;6,718E-2
132,695;6,704E-2
132,728;6,619E-2
132,762;6,587E-2
132,795;6,496E-2
132,828;6,478E-2
132,862;6,413E-2
132,895;6,372E-2
132,929;6,334E-2
132,962;6,248E-2
132,995;6,239E-2
133,029;6,148E-2
133,062;6,125E-2
133,095;6,018E-2
133,129;5,978E-2
133,162;5,900E-2
133,196;5,848E-2
133,229;5,776E-2
133,262;5,766E-2
133,296;5,718E-2
133,329;5,652E-2
133,362;5,601E-2
133,396;5,536E-2
133,429;5,494E-2
133,463;5,436E-2
133,496;5,365E-2
133,529;5,324E-2
133,563;5,251E-2
133,596;5,197E-2
133,629;5,124E-2
133,663;5,082E-2
133,696;5,007E-2
133,730;4,996E-2
133,763;4,898E-2
133,796;4,850E-2
133,830;4,783E-2
133,863;4,732E-2
133,896;4,671E-2
133,930;4,626E-2
133,963;4,566E-2
133,997;4,501E-2
134,030;4,431E-2
134,063;4,374E-2
134,097;4,352E-2
134,130;4,274E-2
134,163;4,233E-2
134,197;4,165E-2
134,230;4,115E-2
134,264;4,044E-2
134,297;3,994E-2
134,330;3,927E-2
134,364;3,865E-2
134,397;3,807E-2
134,430;3,728E-2
134,464;3,673E-2
134,497;3,623E-2
134,531;3,576E-2
134,564;3,587E-2
134,597;3,550E-2
134,631;3,480E-2
134,664;3,374E-2
134,697;3,373E-2
134,731;3,328E-2
134,764;3,261E-2
134,798;3,160E-2
134,831;3,123E-2
134,864;3,060E-2
134,898;3,028E-2
134,931;2,969E-2
134,964;2,884E-2
134,998;2,853E-2
135,031;2,796E-2
135,064;2,746E-2
135,098;2,645E-2
135,131;2,619E-2
135,165;2,544E-2
135,198;2,497E-2
135,231;2,429E-2
135,265;2,359E-2
135,298;2,293E-2
135,331;2,230E-2
135,365;2,154E-2
135,398;2,075E-2
135,432;1,950E-2
135,465;1,987E-2
135,498;1,936E-2
135,532;1,879E-2
135,565;1,820E-2
135,598;1,772E-2
135,632;1,674E-2
135,665;1,640E-2
135,699;1,578E-2
135,732;1,559E-2
135,765;1,447E-2
135,799;1,389E-2
135,832;1,337E-2
135,865;1,286E-2
135,899;1,205E-2
135,932;1,186E-2
135,966;1,111E-2
135,999;1,066E-2
136,032;1,000E-2
136,066;8,805E-3
136,099;8,293E-3
136,132;7,688E-3
136,166;7,453E-3
136,199;7,057E-3
136,233;6,234E-3
136,266;5,815E-3
136,299;5,675E-3
136,333;5,193E-3
136,366;4,725E-3
136,399;4,257E-3
136,433;3,105E-3
136,466;2,747E-3
136,500;1,972E-3
136,533;8,587E-4
136,566;9,108E-5
136,600;-5,316E-4
136,633;-3,395E-4
136,666;-7,298E-4
136,700;-4,395E-4
136,733;-1,615E-3
136,767;-2,473E-3
136,800;-3,035E-3
136,833;-2,803E-3
136,867;-3,256E-3
136,900;-4,022E-3
136,933;-4,184E-3
136,967;-5,210E-3
137,000;-6,239E-3
137,034;-6,194E-3
137,067;-6,742E-3
137,100;-8,025E-3
137,134;-8,513E-3
137,167;-9,929E-3
137,200;-1,014E-2
137,234;-1,105E-2
137,267;-1,133E-2
137,301;-1,180E-2
137,334;-1,208E-2
137,367;-1,294E-2
137,401;-1,316E-2
137,434;-1,377E-2
137,467;-1,399E-2
137,501;-1,528E-2
137,534;-1,531E-2
137,568;-1,560E-2
137,601;-1,633E-2
137,634;-1,693E-2
137,668;-1,749E-2
137,701;-1,798E-2
137,734;-1,803E-2
137,768;-1,913E-2
137,801;-1,941E-2
137,835;-1,993E-2
137,868;-2,054E-2
137,901;-2,067E-2
137,935;-2,096E-2
137,968;-2,122E-2
138,001;-2,168E-2
138,035;-2,269E-2
138,068;-2,274E-2
138,102;-2,307E-2
138,135;-2,370E-2
138,168;-2,382E-2
138,202;-2,402E-2
138,235;-2,465E-2
138,268;-2,501E-2
138,302;-2,632E-2
138,335;-2,606E-2
138,369;-2,671E-2
138,402;-2,717E-2
138,435;-2,735E-2
138,469;-2,822E-2
138,502;-2,828E-2
138,535;-2,892E-2
138,569;-2,931E-2
138,602;-2,935E-2
138,636;-2,962E-2
138,669;-3,012E-2
138,702;-3,062E-2
138,736;-3,101E-2
138,769;-3,105E-2
138,802;-3,113E-2
138,836;-3,242E-2
138,869;-3,273E-2
138,903;-3,274E-2
138,936;-3,301E-2
138,969;-3,386E-2
139,003;-3,374E-2
139,036;-3,415E-2
139,069;-3,411E-2
139,103;-3,477E-2
139,136;-3,468E-2
139,169;-3,510E-2
139,203;-3,514E-2
139,236;-3,548E-2
139,270;-3,606E-2
139,303;-3,602E-2
139,336;-3,633E-2
139,370;-3,693E-2
139,403;-3,703E-2
139,436;-3,721E-2
139,470;-3,770E-2
139,503;-3,833E-2
139,537;-3,839E-2
139,570;-3,850E-2
139,603;-3,859E-2
139,637;-3,864E-2
139,670;-3,898E-2
139,703;-3,907E-2
139,737;-3,926E-2
139,770;-3,943E-2
139,804;-4,001E-2
139,837;-3,975E-2
139,870;-3,995E-2
139,904;-4,059E-2
139,937;-4,052E-2
139,970;-4,052E-2
140,004;-4,061E-2
140,037;-4,072E-2
140,071;-4,071E-2
140,104;-4,071E-2
140,137;-4,076E-2
140,171;-4,147E-2
140,204;-4,177E-2
140,237;-4,181E-2
140,271;-4,178E-2
140,304;-4,187E-2
140,338;-4,198E-2
140,371;-4,200E-2
140,404;-4,215E-2
140,438;-4,243E-2
140,471;-4,249E-2
140,504;-4,252E-2
140,538;-4,249E-2
140,571;-4,250E-2
140,605;-4,241E-2
140,638;-4,249E-2
140,671;-4,300E-2
140,705;-4,298E-2
140,738;-4,326E-2
140,771;-4,327E-2
140,805;-4,332E-2
140,838;-4,317E-2
140,872;-4,309E-2
140,905;-4,293E-2
140,938;-4,319E-2
140,972;-4,349E-2
141,005;-4,330E-2
141,038;-4,350E-2
141,072;-4,336E-2
141,105;-4,351E-2
141,139;-4,348E-2
141,172;-4,341E-2
141,205;-4,338E-2
141,239;-4,338E-2
141,272;-4,341E-2
141,305;-4,328E-2
141,339;-4,350E-2
141,372;-4,335E-2
141,406;-4,342E-2
141,439;-4,343E-2
141,472;-4,329E-2
141,506;-4,293E-2
141,539;-4,282E-2
141,572;-4,257E-2
141,606;-4,232E-2
141,639;-4,240E-2
141,673;-4,232E-2
141,706;-4,216E-2
141,739;-4,213E-2
141,773;-4,211E-2
141,806;-4,208E-2
141,839;-4,180E-2
141,873;-4,178E-2
141,906;-4,152E-2
141,940;-4,153E-2
141,973;-4,149E-2
142,006;-4,144E-2
142,040;-4,126E-2
142,073;-4,103E-2
142,106;-4,099E-2
142,140;-4,078E-2
142,173;-4,052E-2
142,207;-4,029E-2
142,240;-3,996E-2
142,273;-3,978E-2
142,307;-3,958E-2
142,340;-3,929E-2
142,373;-3,910E-2
142,407;-3,906E-2
142,440;-3,902E-2
142,474;-3,890E-2
142,507;-3,860E-2
142,540;-3,836E-2
142,574;-3,756E-2
142,607;-3,729E-2
142,640;-3,704E-2
142,674;-3,682E-2
142,707;-3,640E-2
142,741;-3,625E-2
142,774;-3,591E-2
142,807;-3,553E-2
142,841;-3,536E-2
142,874;-3,489E-2
142,907;-3,501E-2
142,941;-3,468E-2
142,974;-3,387E-2
143,008;-3,399E-2
143,041;-3,320E-2
143,074;-3,311E-2
143,108;-3,328E-2
143,141;-3,287E-2
143,174;-3,238E-2
143,208;-3,197E-2
143,241;-3,198E-2
143,274;-3,165E-2
143,308;-3,114E-2
143,341;-3,072E-2
143,375;-3,012E-2
143,408;-3,007E-2
143,441;-2,962E-2
143,475;-2,938E-2
143,508;-2,907E-2
143,541;-2,897E-2
143,575;-2,851E-2
143,608;-2,823E-2
143,642;-2,775E-2
143,675;-2,764E-2
143,708;-2,692E-2
143,742;-2,666E-2
143,775;-2,575E-2
143,808;-2,513E-2
143,842;-2,481E-2
143,875;-2,447E-2
143,909;-2,429E-2
143,942;-2,411E-2
143,975;-2,340E-2
144,009;-2,294E-2
144,042;-2,260E-2
144,075;-2,176E-2
144,109;-2,149E-2
144,142;-2,120E-2
144,176;-2,019E-2
144,209;-1,985E-2
144,242;-1,950E-2
144,276;-1,931E-2
144,309;-1,925E-2
144,342;-1,921E-2
144,376;-1,836E-2
144,409;-1,788E-2
144,443;-1,717E-2
144,476;-1,651E-2
144,509;-1,629E-2
144,543;-1,600E-2
144,576;-1,577E-2
144,609;-1,524E-2
144,643;-1,467E-2
144,676;-1,430E-2
144,710;-1,380E-2
144,743;-1,325E-2
144,776;-1,261E-2
144,810;-1,220E-2
144,843;-1,129E-2
144,876;-1,095E-2
144,910;-1,078E-2
144,943;-1,038E-2
144,977;-9,898E-3
145,010;-9,468E-3
145,043;-8,712E-3
145,077;-8,237E-3
145,110;-7,477E-3
145,143;-7,126E-3
145,177;-6,287E-3
145,210;-5,930E-3
145,244;-6,219E-3
145,277;-5,543E-3
145,310;-5,119E-3
145,344;-4,606E-3
145,377;-4,150E-3
145,410;-3,635E-3
145,444;-2,959E-3
145,477;-2,545E-3
145,511;-1,874E-3
145,544;-1,525E-3
145,577;-9,037E-4
145,611;-3,918E-4
145,644;9,207E-4
145,677;9,414E-4
145,711;1,951E-3
145,744;2,509E-3
145,778;2,811E-3
145,811;3,397E-3
145,844;3,955E-3
145,878;4,177E-3
145,911;5,000E-3
145,944;5,479E-3
145,978;5,852E-3
146,011;6,548E-3
146,045;7,079E-3
146,078;7,384E-3
146,111;8,306E-3
146,145;8,318E-3
146,178;9,332E-3
146,211;9,926E-3
146,245;1,039E-2
146,278;1,081E-2
146,312;1,141E-2
146,345;1,159E-2
146,378;1,296E-2
146,412;1,352E-2
146,445;1,380E-2
146,478;1,427E-2
146,512;1,501E-2
146,545;1,533E-2
146,579;1,632E-2
146,612;1,634E-2
146,645;1,743E-2
146,679;1,774E-2
146,712;1,841E-2
146,745;1,894E-2
146,779;1,917E-2
146,812;2,004E-2
146,846;2,057E-2
146,879;2,092E-2
146,912;2,164E-2
146,946;2,256E-2
146,979;2,259E-2
147,012;2,282E-2
147,046;2,408E-2
147,079;2,467E-2
147,113;2,441E-2
147,146;2,506E-2
147,179;2,560E-2
147,213;2,615E-2
147,246;2,666E-2
147,279;2,826E-2
147,313;2,804E-2
147,346;2,857E-2
147,379;2,945E-2
147,413;2,998E-2
147,446;3,077E-2
147,480;3,109E-2
147,513;3,181E-2
147,546;3,231E-2
147,580;3,298E-2
147,613;3,319E-2
147,646;3,393E-2
147,680;3,431E-2
147,713;3,490E-2
147,747;3,541E-2
147,780;3,621E-2
147,813;3,629E-2
147,847;3,701E-2
147,880;3,734E-2
147,913;3,767E-2
147,947;3,838E-2
147,980;3,875E-2
148,014;3,901E-2
148,047;4,038E-2
148,080;4,014E-2
148,114;4,080E-2
148,147;4,158E-2
148,180;4,275E-2
148,214;4,296E-2
148,247;4,378E-2
148,281;4,392E-2
148,314;4,444E-2
148,347;4,485E-2
148,381;4,543E-2
148,414;4,609E-2
148,447;4,645E-2
148,481;4,667E-2
148,514;4,762E-2
148,548;4,763E-2
148,581;4,870E-2
148,614;4,882E-2
148,648;4,998E-2
148,681;5,001E-2
148,714;5,069E-2
148,748;5,094E-2
148,781;5,218E-2
148,815;5,255E-2
148,848;5,342E-2
148,881;5,344E-2
148,915;5,418E-2
148,948;5,430E-2
148,981;5,485E-2
149,015;5,513E-2
149,048;5,585E-2
149,082;5,623E-2
149,115;5,715E-2
149,148;5,743E-2
149,182;5,759E-2
149,215;5,772E-2
149,248;5,865E-2
149,282;5,880E-2
149,315;5,928E-2
149,349;5,943E-2
149,382;6,062E-2
149,415;6,067E-2
149,449;6,076E-2
149,482;6,169E-2
149,515;6,208E-2
149,549;6,220E-2
149,582;6,303E-2
149,616;6,335E-2
149,649;6,418E-2
149,682;6,428E-2
149,716;6,462E-2
149,749;6,463E-2
149,782;6,471E-2
149,816;6,475E-2
149,849;6,595E-2
149,883;6,597E-2
149,916;6,658E-2
149,949;6,734E-2
149,983;6,746E-2
