;massa A;
t;x;
0,000;-0,132
0,033;-0,132
0,067;-0,133
0,100;-0,133
0,133;-0,134
0,167;-0,133
0,200;-0,134
0,234;-0,134
0,267;-0,134
0,300;-0,134
0,334;-0,134
0,367;-0,135
0,400;-0,135
0,434;-0,135
0,467;-0,135
0,501;-0,135
0,534;-0,135
0,567;-0,136
0,601;-0,137
0,634;-0,137
0,667;-0,136
0,701;-0,136
0,734;-0,137
0,768;-0,136
0,801;-0,137
0,834;-0,137
0,868;-0,137
0,901;-0,137
0,934;-0,137
0,968;-0,137
1,001;-0,137
1,035;-0,137
1,068;-0,137
1,101;-0,137
1,135;-0,137
1,168;-0,137
1,201;-0,137
1,235;-0,137
1,268;-0,136
1,302;-0,136
1,335;-0,136
1,368;-0,136
1,402;-0,136
1,435;-0,135
1,468;-0,135
1,502;-0,135
1,535;-0,135
1,569;-0,135
1,602;-0,134
1,635;-0,134
1,669;-0,134
1,702;-0,134
1,735;-0,134
1,769;-0,134
1,802;-0,134
1,836;-0,134
1,869;-0,133
1,902;-0,133
1,936;-0,133
1,969;-0,132
2,002;-0,132
2,036;-0,132
2,069;-0,131
2,103;-0,131
2,136;-0,131
2,169;-0,130
2,203;-0,130
2,236;-0,130
2,269;-0,129
2,303;-0,129
2,336;-0,128
2,370;-0,127
2,403;-0,127
2,436;-0,126
2,470;-0,125
2,503;-0,125
2,536;-0,125
2,570;-0,124
2,603;-0,123
2,637;-0,122
2,670;-0,122
2,703;-0,122
2,737;-0,121
2,770;-0,121
2,803;-0,120
2,837;-0,119
2,870;-0,119
2,904;-0,119
2,937;-0,118
2,970;-0,118
3,004;-0,117
3,037;-0,116
3,070;-0,116
3,104;-0,115
3,137;-0,114
3,171;-0,113
3,204;-0,112
3,237;-0,112
3,271;-0,110
3,304;-0,110
3,337;-0,109
3,371;-0,108
3,404;-0,108
3,438;-0,107
3,471;-0,106
3,504;-0,105
3,538;-0,105
3,571;-0,104
3,604;-0,102
3,638;-0,101
3,671;-0,100
3,705;-9,921E-2
3,738;-9,927E-2
3,771;-9,857E-2
3,805;-9,763E-2
3,838;-9,621E-2
3,871;-9,512E-2
3,905;-9,473E-2
3,938;-9,370E-2
3,972;-9,298E-2
4,005;-9,206E-2
4,038;-9,152E-2
4,072;-9,031E-2
4,105;-8,917E-2
4,138;-8,828E-2
4,172;-8,723E-2
4,205;-8,634E-2
4,238;-8,538E-2
4,272;-8,469E-2
4,305;-8,402E-2
4,339;-8,317E-2
4,372;-8,189E-2
4,405;-8,096E-2
4,439;-8,012E-2
4,472;-7,890E-2
4,505;-7,766E-2
4,539;-7,666E-2
4,572;-7,555E-2
4,606;-7,457E-2
4,639;-7,318E-2
4,672;-7,230E-2
4,706;-7,134E-2
4,739;-7,032E-2
4,772;-6,886E-2
4,806;-6,752E-2
4,839;-6,634E-2
4,873;-6,556E-2
4,906;-6,448E-2
4,939;-6,333E-2
4,973;-6,214E-2
5,006;-6,095E-2
5,039;-5,980E-2
5,073;-5,886E-2
5,106;-5,776E-2
5,140;-5,645E-2
5,173;-5,547E-2
5,206;-5,425E-2
5,240;-5,304E-2
5,273;-5,225E-2
5,306;-5,122E-2
5,340;-5,064E-2
5,373;-4,929E-2
5,407;-4,804E-2
5,440;-4,684E-2
5,473;-4,581E-2
5,507;-4,432E-2
5,540;-4,318E-2
5,573;-4,225E-2
5,607;-4,075E-2
5,640;-3,989E-2
5,674;-3,934E-2
5,707;-3,834E-2
5,740;-3,707E-2
5,774;-3,584E-2
5,807;-3,473E-2
5,840;-3,341E-2
5,874;-3,197E-2
5,907;-3,096E-2
5,941;-2,967E-2
5,974;-2,838E-2
6,007;-2,717E-2
6,041;-2,565E-2
6,074;-2,435E-2
6,107;-2,325E-2
6,141;-2,196E-2
6,174;-2,076E-2
6,208;-1,945E-2
6,241;-1,826E-2
6,274;-1,684E-2
6,308;-1,577E-2
6,341;-1,492E-2
6,374;-1,370E-2
6,408;-1,288E-2
6,441;-1,167E-2
6,475;-1,033E-2
6,508;-9,108E-3
6,541;-7,655E-3
6,575;-6,680E-3
6,608;-5,180E-3
6,641;-4,160E-3
6,675;-3,023E-3
6,708;-1,532E-3
6,742;-4,971E-4
6,775;7,439E-4
6,808;1,950E-3
6,842;3,216E-3
6,875;4,405E-3
6,908;5,681E-3
6,942;6,909E-3
6,975;8,065E-3
7,009;9,655E-3
7,042;1,071E-2
7,075;1,180E-2
7,109;1,306E-2
7,142;1,427E-2
7,175;1,548E-2
7,209;1,648E-2
7,242;1,717E-2
7,276;1,869E-2
7,309;1,985E-2
7,342;2,066E-2
7,376;2,213E-2
7,409;2,320E-2
7,442;2,443E-2
7,476;2,622E-2
7,509;2,752E-2
7,543;2,865E-2
7,576;2,994E-2
7,609;3,112E-2
7,643;3,192E-2
7,676;3,373E-2
7,709;3,488E-2
7,743;3,512E-2
7,776;3,646E-2
7,810;3,775E-2
7,843;3,881E-2
7,876;4,054E-2
7,910;4,221E-2
7,943;4,296E-2
7,976;4,393E-2
8,010;4,518E-2
8,043;4,625E-2
8,077;4,749E-2
8,110;4,917E-2
8,143;5,016E-2
8,177;5,130E-2
8,210;5,266E-2
8,243;5,384E-2
8,277;5,491E-2
8,310;5,589E-2
8,343;5,710E-2
8,377;5,846E-2
8,410;5,976E-2
8,444;6,090E-2
8,477;6,211E-2
8,510;6,338E-2
8,544;6,362E-2
8,577;6,477E-2
8,610;6,585E-2
8,644;6,714E-2
8,677;6,796E-2
8,711;6,908E-2
8,744;7,016E-2
8,777;7,127E-2
8,811;7,297E-2
8,844;7,346E-2
8,877;7,473E-2
8,911;7,567E-2
8,944;7,685E-2
8,978;7,777E-2
9,011;7,889E-2
9,044;7,938E-2
9,078;8,058E-2
9,111;8,153E-2
9,144;8,320E-2
9,178;8,393E-2
9,211;8,462E-2
9,245;8,572E-2
9,278;8,701E-2
9,311;8,802E-2
9,345;8,865E-2
9,378;9,018E-2
9,411;9,049E-2
9,445;9,148E-2
9,478;9,252E-2
9,512;9,383E-2
9,545;9,453E-2
9,578;9,551E-2
9,612;9,668E-2
9,645;9,704E-2
9,678;9,856E-2
9,712;9,974E-2
9,745;0,100
9,779;0,101
9,812;0,102
9,845;0,103
9,879;0,104
9,912;0,105
9,945;0,106
9,979;0,106
10,012;0,108
10,046;0,108
10,079;0,109
10,112;0,110
10,146;0,110
10,179;0,111
10,212;0,112
10,246;0,113
10,279;0,113
10,313;0,114
10,346;0,115
10,379;0,116
10,413;0,116
10,446;0,117
10,479;0,118
10,513;0,118
10,546;0,119
10,580;0,120
10,613;0,121
10,646;0,121
10,680;0,122
10,713;0,122
10,746;0,123
10,780;0,124
10,813;0,124
10,847;0,125
10,880;0,126
10,913;0,126
10,947;0,127
10,980;0,128
11,013;0,128
11,047;0,128
11,080;0,129
11,114;0,129
11,147;0,130
11,180;0,131
11,214;0,131
11,247;0,132
11,280;0,133
11,314;0,133
11,347;0,133
11,381;0,134
11,414;0,134
11,447;0,134
11,481;0,135
11,514;0,135
11,547;0,136
11,581;0,136
11,614;0,136
11,648;0,137
11,681;0,137
11,714;0,137
11,748;0,138
11,781;0,138
11,814;0,138
11,848;0,139
11,881;0,139
11,915;0,139
11,948;0,139
11,981;0,140
12,015;0,141
12,048;0,141
12,081;0,141
12,115;0,141
12,148;0,141
12,182;0,142
12,215;0,142
12,248;0,142
12,282;0,143
12,315;0,143
12,348;0,143
12,382;0,143
12,415;0,143
12,448;0,143
12,482;0,143
12,515;0,143
12,549;0,143
12,582;0,143
12,615;0,144
12,649;0,143
12,682;0,144
12,715;0,143
12,749;0,144
12,782;0,144
12,816;0,144
12,849;0,144
12,882;0,144
12,916;0,144
12,949;0,144
12,982;0,144
13,016;0,144
13,049;0,144
13,083;0,144
13,116;0,144
13,149;0,144
13,183;0,144
13,216;0,144
13,249;0,144
13,283;0,144
13,316;0,144
13,350;0,143
13,383;0,143
13,416;0,143
13,450;0,143
13,483;0,142
13,516;0,142
13,550;0,142
13,583;0,142
13,617;0,141
13,650;0,141
13,683;0,141
13,717;0,141
13,750;0,140
13,783;0,140
13,817;0,140
13,850;0,140
13,884;0,140
13,917;0,140
13,950;0,139
13,984;0,139
14,017;0,138
14,050;0,138
14,084;0,137
14,117;0,137
14,151;0,136
14,184;0,136
14,217;0,136
14,251;0,136
14,284;0,134
14,317;0,134
14,351;0,134
14,384;0,134
14,418;0,133
14,451;0,132
14,484;0,132
14,518;0,132
14,551;0,131
14,584;0,131
14,618;0,130
14,651;0,129
14,685;0,129
14,718;0,128
14,751;0,128
14,785;0,127
14,818;0,126
14,851;0,125
14,885;0,125
14,918;0,124
14,952;0,124
14,985;0,124
15,018;0,123
15,052;0,122
15,085;0,121
15,118;0,121
15,152;0,120
15,185;0,119
15,219;0,118
15,252;0,117
15,285;0,117
15,319;0,116
15,352;0,116
15,385;0,115
15,419;0,114
15,452;0,113
15,486;0,112
15,519;0,111
15,552;0,111
15,586;0,110
15,619;0,109
15,652;0,108
15,686;0,108
15,719;0,107
15,753;0,106
15,786;0,105
15,819;0,104
15,853;0,103
15,886;0,103
15,919;0,102
15,953;0,101
15,986;0,100
16,020;9,827E-2
16,053;9,755E-2
16,086;9,649E-2
16,120;9,542E-2
16,153;9,487E-2
16,186;9,399E-2
16,220;9,298E-2
16,253;9,227E-2
16,286;9,122E-2
16,320;9,027E-2
16,353;8,950E-2
16,387;8,823E-2
16,420;8,711E-2
16,453;8,631E-2
16,487;8,513E-2
16,520;8,404E-2
16,553;8,364E-2
16,587;8,245E-2
16,620;8,171E-2
16,654;8,088E-2
16,687;7,952E-2
16,720;7,833E-2
16,754;7,757E-2
16,787;7,647E-2
16,820;7,524E-2
16,854;7,452E-2
16,887;7,305E-2
16,921;7,196E-2
16,954;7,136E-2
16,987;6,999E-2
17,021;6,903E-2
17,054;6,795E-2
17,087;6,645E-2
17,121;6,569E-2
17,154;6,459E-2
17,188;6,363E-2
17,221;6,246E-2
17,254;6,121E-2
17,288;6,042E-2
17,321;5,949E-2
17,354;5,862E-2
17,388;5,789E-2
17,421;5,639E-2
17,455;5,559E-2
17,488;5,353E-2
17,521;5,210E-2
17,555;5,121E-2
17,588;5,030E-2
17,621;4,936E-2
17,655;4,849E-2
17,688;4,727E-2
17,722;4,619E-2
17,755;4,527E-2
17,788;4,415E-2
17,822;4,314E-2
17,855;4,217E-2
17,888;4,134E-2
17,922;4,037E-2
17,955;3,947E-2
17,989;3,803E-2
18,022;3,655E-2
18,055;3,493E-2
18,089;3,348E-2
18,122;3,243E-2
18,155;3,135E-2
18,189;3,032E-2
18,222;2,904E-2
18,256;2,828E-2
18,289;2,692E-2
18,322;2,559E-2
18,356;2,465E-2
18,389;2,313E-2
18,422;2,188E-2
18,456;2,045E-2
18,489;1,952E-2
18,523;1,827E-2
18,556;1,737E-2
18,589;1,639E-2
18,623;1,515E-2
18,656;1,422E-2
18,689;1,273E-2
18,723;1,152E-2
18,756;9,938E-3
18,790;8,823E-3
18,823;8,140E-3
18,856;7,159E-3
18,890;5,952E-3
18,923;4,939E-3
18,956;3,867E-3
18,990;2,815E-3
19,023;1,536E-3
19,057;5,551E-4
19,090;-8,260E-4
19,123;-1,873E-3
19,157;-3,329E-3
19,190;-4,592E-3
19,223;-5,608E-3
19,257;-7,189E-3
19,290;-7,834E-3
19,324;-9,477E-3
19,357;-1,016E-2
19,390;-1,136E-2
19,424;-1,260E-2
19,457;-1,296E-2
19,490;-1,418E-2
19,524;-1,489E-2
19,557;-1,638E-2
19,591;-1,745E-2
19,624;-1,930E-2
19,657;-2,035E-2
19,691;-2,137E-2
19,724;-2,239E-2
19,757;-2,355E-2
19,791;-2,469E-2
19,824;-2,573E-2
19,858;-2,661E-2
19,891;-2,796E-2
19,924;-2,861E-2
19,958;-3,042E-2
19,991;-3,147E-2
20,024;-3,313E-2
20,058;-3,371E-2
20,091;-3,485E-2
20,125;-3,577E-2
20,158;-3,692E-2
20,191;-3,807E-2
20,225;-3,929E-2
20,258;-4,044E-2
20,291;-4,110E-2
20,325;-4,167E-2
20,358;-4,302E-2
20,391;-4,405E-2
20,425;-4,508E-2
20,458;-4,614E-2
20,492;-4,741E-2
20,525;-4,845E-2
20,558;-4,896E-2
20,592;-4,936E-2
20,625;-5,073E-2
20,658;-5,162E-2
20,692;-5,301E-2
20,725;-5,398E-2
20,759;-5,516E-2
20,792;-5,616E-2
20,825;-5,621E-2
20,859;-5,750E-2
20,892;-5,822E-2
20,925;-5,896E-2
20,959;-6,027E-2
20,992;-6,133E-2
21,026;-6,254E-2
21,059;-6,377E-2
21,092;-6,484E-2
21,126;-6,562E-2
21,159;-6,651E-2
21,192;-6,764E-2
21,226;-6,875E-2
21,259;-6,921E-2
21,293;-7,019E-2
21,326;-7,122E-2
21,359;-7,143E-2
21,393;-7,239E-2
21,426;-7,320E-2
21,459;-7,466E-2
21,493;-7,550E-2
21,526;-7,626E-2
21,560;-7,705E-2
21,593;-7,769E-2
21,626;-7,870E-2
21,660;-7,951E-2
21,693;-8,072E-2
21,726;-8,150E-2
21,760;-8,193E-2
21,793;-8,257E-2
21,827;-8,362E-2
21,860;-8,475E-2
21,893;-8,586E-2
21,927;-8,648E-2
21,960;-8,768E-2
21,993;-8,885E-2
22,027;-8,955E-2
22,060;-9,035E-2
22,094;-9,114E-2
22,127;-9,206E-2
22,160;-9,213E-2
22,194;-9,325E-2
22,227;-9,393E-2
22,260;-9,496E-2
22,294;-9,555E-2
22,327;-9,653E-2
22,361;-9,662E-2
22,394;-9,784E-2
22,427;-9,815E-2
22,461;-9,858E-2
22,494;-9,964E-2
22,527;-9,995E-2
22,561;-0,100
22,594;-0,101
22,628;-0,102
22,661;-0,102
22,694;-0,103
22,728;-0,104
22,761;-0,105
22,794;-0,105
22,828;-0,106
22,861;-0,106
22,895;-0,107
22,928;-0,108
22,961;-0,109
22,995;-0,110
23,028;-0,110
23,061;-0,110
23,095;-0,110
23,128;-0,110
23,162;-0,111
23,195;-0,111
23,228;-0,112
23,262;-0,112
23,295;-0,112
23,328;-0,113
23,362;-0,113
23,395;-0,114
23,429;-0,114
23,462;-0,115
23,495;-0,115
23,529;-0,115
23,562;-0,115
23,595;-0,116
23,629;-0,117
23,662;-0,116
23,696;-0,117
23,729;-0,117
23,762;-0,117
23,796;-0,118
23,829;-0,118
23,862;-0,118
23,896;-0,118
23,929;-0,118
23,963;-0,119
23,996;-0,119
24,029;-0,119
24,063;-0,120
24,096;-0,120
24,129;-0,120
24,163;-0,120
24,196;-0,121
24,230;-0,121
24,263;-0,121
24,296;-0,120
24,330;-0,121
24,363;-0,121
24,396;-0,121
24,430;-0,121
24,463;-0,121
24,496;-0,121
24,530;-0,121
24,563;-0,121
24,597;-0,121
24,630;-0,121
24,663;-0,121
24,697;-0,121
24,730;-0,121
24,763;-0,121
24,797;-0,121
24,830;-0,121
24,864;-0,121
24,897;-0,121
24,930;-0,121
24,964;-0,121
24,997;-0,121
25,030;-0,121
25,064;-0,121
25,097;-0,121
25,131;-0,120
25,164;-0,120
25,197;-0,120
25,231;-0,120
25,264;-0,120
25,297;-0,120
25,331;-0,119
25,364;-0,119
25,398;-0,119
25,431;-0,119
25,464;-0,118
25,498;-0,118
25,531;-0,118
25,564;-0,117
25,598;-0,117
25,631;-0,116
25,665;-0,116
25,698;-0,115
25,731;-0,115
25,765;-0,115
25,798;-0,115
25,831;-0,114
25,865;-0,114
25,898;-0,114
25,932;-0,113
25,965;-0,113
25,998;-0,113
26,032;-0,112
26,065;-0,111
26,098;-0,111
26,132;-0,110
26,165;-0,110
26,199;-0,109
26,232;-0,109
26,265;-0,108
26,299;-0,107
26,332;-0,108
26,365;-0,106
26,399;-0,106
26,432;-0,106
26,466;-0,106
26,499;-0,105
26,532;-0,104
26,566;-0,104
26,599;-0,103
26,632;-0,102
26,666;-0,102
26,699;-0,102
26,733;-0,102
26,766;-0,101
26,799;-9,986E-2
26,833;-9,915E-2
26,866;-9,855E-2
26,899;-9,763E-2
26,933;-9,703E-2
26,966;-9,622E-2
27,000;-9,585E-2
27,033;-9,487E-2
27,066;-9,429E-2
27,100;-9,269E-2
27,133;-9,275E-2
27,166;-9,215E-2
27,200;-9,163E-2
27,233;-9,014E-2
27,267;-9,035E-2
27,300;-8,942E-2
27,333;-8,894E-2
27,367;-8,755E-2
27,400;-8,640E-2
27,433;-8,561E-2
27,467;-8,436E-2
27,500;-8,393E-2
27,534;-8,353E-2
27,567;-8,253E-2
27,600;-8,156E-2
27,634;-8,065E-2
27,667;-8,038E-2
27,700;-7,900E-2
27,734;-7,813E-2
27,767;-7,798E-2
27,801;-7,687E-2
27,834;-7,601E-2
27,867;-7,535E-2
27,901;-7,469E-2
27,934;-7,415E-2
27,967;-7,316E-2
28,001;-7,195E-2
28,034;-7,104E-2
28,068;-7,019E-2
28,101;-6,944E-2
28,134;-6,822E-2
28,168;-6,759E-2
28,201;-6,658E-2
28,234;-6,543E-2
28,268;-6,418E-2
28,301;-6,351E-2
28,335;-6,250E-2
28,368;-6,201E-2
28,401;-6,131E-2
28,435;-6,041E-2
28,468;-5,925E-2
28,501;-5,836E-2
28,535;-5,737E-2
28,568;-5,653E-2
28,601;-5,556E-2
28,635;-5,428E-2
28,668;-5,337E-2
28,702;-5,294E-2
28,735;-5,193E-2
28,768;-5,068E-2
28,802;-4,993E-2
28,835;-4,833E-2
28,868;-4,716E-2
28,902;-4,558E-2
28,935;-4,461E-2
28,969;-4,426E-2
29,002;-4,305E-2
29,035;-4,201E-2
29,069;-4,056E-2
29,102;-3,962E-2
29,135;-3,856E-2
29,169;-3,746E-2
29,202;-3,686E-2
29,236;-3,608E-2
29,269;-3,476E-2
29,302;-3,390E-2
29,336;-3,266E-2
29,369;-3,174E-2
29,402;-3,037E-2
29,436;-2,930E-2
29,469;-2,847E-2
29,503;-2,728E-2
29,536;-2,621E-2
29,569;-2,498E-2
29,603;-2,381E-2
29,636;-2,258E-2
29,669;-2,244E-2
29,703;-2,110E-2
29,736;-2,011E-2
29,770;-1,876E-2
29,803;-1,785E-2
29,836;-1,649E-2
29,870;-1,525E-2
29,903;-1,502E-2
29,936;-1,397E-2
29,970;-1,261E-2
30,003;-1,145E-2
30,037;-9,231E-3
30,070;-8,052E-3
30,103;-7,420E-3
30,137;-6,215E-3
30,170;-5,549E-3
30,203;-4,267E-3
30,237;-3,086E-3
30,270;-1,757E-3
30,304;-8,971E-4
30,337;3,438E-4
30,370;1,234E-3
30,404;1,390E-3
30,437;2,664E-3
30,470;3,875E-3
30,504;5,019E-3
30,537;6,129E-3
30,571;6,972E-3
30,604;8,368E-3
30,637;9,461E-3
30,671;1,074E-2
30,704;1,222E-2
30,737;1,314E-2
30,771;1,473E-2
30,804;1,590E-2
30,838;1,604E-2
30,871;1,740E-2
30,904;1,833E-2
30,938;1,959E-2
30,971;2,101E-2
31,004;2,198E-2
31,038;2,327E-2
31,071;2,435E-2
31,105;2,584E-2
31,138;2,684E-2
31,171;2,794E-2
31,205;2,943E-2
31,238;2,953E-2
31,271;3,074E-2
31,305;3,181E-2
31,338;3,307E-2
31,372;3,416E-2
31,405;3,544E-2
31,438;3,662E-2
31,472;3,759E-2
31,505;3,933E-2
31,538;4,047E-2
31,572;4,039E-2
31,605;4,161E-2
31,639;4,273E-2
31,672;4,383E-2
31,705;4,513E-2
31,739;4,630E-2
31,772;4,740E-2
31,805;4,853E-2
31,839;4,932E-2
31,872;5,008E-2
31,906;5,181E-2
31,939;5,293E-2
31,972;5,413E-2
32,006;5,521E-2
32,039;5,550E-2
32,072;5,682E-2
32,106;5,744E-2
32,139;5,870E-2
32,173;6,001E-2
32,206;6,110E-2
32,239;6,230E-2
32,273;6,337E-2
32,306;6,391E-2
32,339;6,496E-2
32,373;6,573E-2
32,406;6,691E-2
32,440;6,838E-2
32,473;6,952E-2
32,506;7,065E-2
32,540;7,171E-2
32,573;7,201E-2
32,606;7,269E-2
32,640;7,347E-2
32,673;7,449E-2
32,706;7,551E-2
32,740;7,665E-2
32,773;7,735E-2
32,807;7,848E-2
32,840;7,912E-2
32,873;8,014E-2
32,907;8,116E-2
32,940;8,208E-2
32,973;8,268E-2
33,007;8,369E-2
33,040;8,479E-2
33,074;8,584E-2
33,107;8,667E-2
33,140;8,710E-2
33,174;8,818E-2
33,207;8,911E-2
33,240;8,986E-2
33,274;9,079E-2
33,307;9,187E-2
33,341;9,244E-2
33,374;9,410E-2
33,407;9,496E-2
33,441;9,559E-2
33,474;9,638E-2
33,507;9,732E-2
33,541;9,824E-2
33,574;9,899E-2
33,608;0,100
33,641;0,100
33,674;0,101
33,708;0,102
33,741;0,103
33,774;0,104
33,808;0,104
33,841;0,105
33,875;0,106
33,908;0,106
33,941;0,107
33,975;0,108
34,008;0,108
34,041;0,109
34,075;0,110
34,108;0,110
34,142;0,111
34,175;0,112
34,208;0,112
34,242;0,113
34,275;0,114
34,308;0,114
34,342;0,115
34,375;0,115
34,409;0,116
34,442;0,117
34,475;0,117
34,509;0,118
34,542;0,118
34,575;0,119
34,609;0,119
34,642;0,120
34,676;0,120
34,709;0,121
34,742;0,121
34,776;0,122
34,809;0,122
34,842;0,123
34,876;0,123
34,909;0,124
34,943;0,124
34,976;0,125
35,009;0,125
35,043;0,126
35,076;0,126
35,109;0,127
35,143;0,127
35,176;0,128
35,210;0,128
35,243;0,128
35,276;0,128
35,310;0,129
35,343;0,129
35,376;0,129
35,410;0,130
35,443;0,131
35,477;0,131
35,510;0,131
35,543;0,131
35,577;0,131
35,610;0,131
35,643;0,132
35,677;0,132
35,710;0,132
35,744;0,132
35,777;0,133
35,810;0,133
35,844;0,133
35,877;0,134
35,910;0,134
35,944;0,134
35,977;0,134
36,011;0,134
36,044;0,134
36,077;0,135
36,111;0,135
36,144;0,135
36,177;0,135
36,211;0,135
36,244;0,135
36,278;0,135
36,311;0,135
36,344;0,135
36,378;0,135
36,411;0,135
36,444;0,135
36,478;0,135
36,511;0,135
36,545;0,135
36,578;0,135
36,611;0,135
36,645;0,135
36,678;0,135
36,711;0,135
36,745;0,135
36,778;0,135
36,811;0,135
36,845;0,135
36,878;0,135
36,912;0,135
36,945;0,135
36,978;0,135
37,012;0,135
37,045;0,135
37,078;0,134
37,112;0,134
37,145;0,134
37,179;0,134
37,212;0,134
37,245;0,134
37,279;0,133
37,312;0,133
37,345;0,133
37,379;0,133
37,412;0,132
37,446;0,132
37,479;0,132
37,512;0,132
37,546;0,132
37,579;0,131
37,612;0,131
37,646;0,131
37,679;0,131
37,713;0,130
37,746;0,130
37,779;0,129
37,813;0,129
37,846;0,129
37,879;0,128
37,913;0,127
37,946;0,127
37,980;0,126
38,013;0,126
38,046;0,126
38,080;0,125
38,113;0,125
38,146;0,125
38,180;0,123
38,213;0,124
38,247;0,123
38,280;0,122
38,313;0,122
38,347;0,121
38,380;0,121
38,413;0,121
38,447;0,120
38,480;0,120
38,514;0,119
38,547;0,119
38,580;0,118
38,614;0,117
38,647;0,117
38,680;0,116
38,714;0,116
38,747;0,115
38,781;0,114
38,814;0,113
38,847;0,113
38,881;0,113
38,914;0,112
38,947;0,111
38,981;0,110
39,014;0,110
39,048;0,109
39,081;0,108
39,114;0,107
39,148;0,106
39,181;0,106
39,214;0,105
39,248;0,105
39,281;0,104
39,315;0,103
39,348;0,102
39,381;0,102
39,415;0,101
39,448;0,101
39,481;9,949E-2
39,515;9,844E-2
39,548;9,733E-2
39,582;9,725E-2
39,615;9,623E-2
39,648;9,503E-2
39,682;9,408E-2
39,715;9,350E-2
39,748;9,229E-2
39,782;9,170E-2
39,815;9,120E-2
39,849;9,063E-2
39,882;9,002E-2
39,915;8,906E-2
39,949;8,791E-2
39,982;8,633E-2
40,015;8,560E-2
40,049;8,486E-2
40,082;8,381E-2
40,116;8,280E-2
40,149;8,205E-2
40,182;8,092E-2
40,216;8,034E-2
40,249;7,959E-2
40,282;7,863E-2
40,316;7,769E-2
40,349;7,670E-2
40,383;7,598E-2
40,416;7,507E-2
40,449;7,405E-2
40,483;7,277E-2
40,516;7,235E-2
40,549;7,143E-2
40,583;6,951E-2
40,616;6,934E-2
40,650;6,844E-2
40,683;6,710E-2
40,716;6,581E-2
40,750;6,502E-2
40,783;6,392E-2
40,816;6,279E-2
40,850;6,164E-2
40,883;6,069E-2
40,916;5,936E-2
40,950;5,920E-2
40,983;5,806E-2
41,017;5,706E-2
41,050;5,620E-2
41,083;5,508E-2
41,117;5,426E-2
41,150;5,326E-2
41,183;5,203E-2
41,217;5,089E-2
41,250;5,001E-2
41,284;4,927E-2
41,317;4,798E-2
41,350;4,683E-2
41,384;4,547E-2
41,417;4,436E-2
41,450;4,351E-2
41,484;4,226E-2
41,517;4,089E-2
41,551;3,991E-2
41,584;3,872E-2
41,617;3,794E-2
41,651;3,684E-2
41,684;3,547E-2
41,717;3,479E-2
41,751;3,405E-2
41,784;3,245E-2
41,818;3,120E-2
41,851;3,047E-2
41,884;2,912E-2
41,918;2,822E-2
41,951;2,690E-2
41,984;2,561E-2
42,018;2,468E-2
42,051;2,336E-2
42,085;2,272E-2
42,118;2,079E-2
42,151;1,974E-2
42,185;1,947E-2
42,218;1,827E-2
42,251;1,723E-2
42,285;1,603E-2
42,318;1,527E-2
42,352;1,420E-2
42,385;1,250E-2
42,418;1,115E-2
42,452;1,050E-2
42,485;9,483E-3
42,518;8,304E-3
42,552;7,481E-3
42,585;6,174E-3
42,619;5,039E-3
42,652;3,921E-3
42,685;2,612E-3
42,719;2,025E-3
42,752;1,024E-3
42,785;2,123E-4
42,819;-1,157E-3
42,852;-2,357E-3
42,886;-3,530E-3
42,919;-4,766E-3
42,952;-5,826E-3
42,986;-6,498E-3
43,019;-7,659E-3
43,052;-8,988E-3
43,086;-9,942E-3
43,119;-1,089E-2
43,153;-1,206E-2
43,186;-1,347E-2
43,219;-1,417E-2
43,253;-1,489E-2
43,286;-1,558E-2
43,319;-1,725E-2
43,353;-1,841E-2
43,386;-1,933E-2
43,420;-2,047E-2
43,453;-2,193E-2
43,486;-2,298E-2
43,520;-2,309E-2
43,553;-2,441E-2
43,586;-2,565E-2
43,620;-2,621E-2
43,653;-2,742E-2
43,687;-2,923E-2
43,720;-2,957E-2
43,753;-3,071E-2
43,787;-3,280E-2
43,820;-3,398E-2
43,853;-3,532E-2
43,887;-3,635E-2
43,920;-3,665E-2
43,954;-3,750E-2
43,987;-3,851E-2
44,020;-3,972E-2
44,054;-4,090E-2
44,087;-4,111E-2
44,120;-4,224E-2
44,154;-4,350E-2
44,187;-4,426E-2
44,221;-4,521E-2
44,254;-4,558E-2
44,287;-4,714E-2
44,321;-4,872E-2
44,354;-4,899E-2
44,387;-5,035E-2
44,421;-5,158E-2
44,454;-5,211E-2
44,488;-5,333E-2
44,521;-5,393E-2
44,554;-5,472E-2
44,588;-5,610E-2
44,621;-5,715E-2
44,654;-5,791E-2
44,688;-5,881E-2
44,721;-5,995E-2
44,755;-6,100E-2
44,788;-6,159E-2
44,821;-6,248E-2
44,855;-6,328E-2
44,888;-6,420E-2
44,921;-6,478E-2
44,955;-6,561E-2
44,988;-6,604E-2
45,021;-6,713E-2
45,055;-6,824E-2
45,088;-6,964E-2
45,122;-7,056E-2
45,155;-7,172E-2
45,188;-7,191E-2
45,222;-7,292E-2
45,255;-7,423E-2
45,288;-7,524E-2
45,322;-7,514E-2
45,355;-7,595E-2
45,389;-7,710E-2
45,422;-7,804E-2
45,455;-7,894E-2
45,489;-7,994E-2
45,522;-8,046E-2
45,555;-8,119E-2
45,589;-8,191E-2
45,622;-8,251E-2
45,656;-8,324E-2
45,689;-8,360E-2
45,722;-8,457E-2
45,756;-8,558E-2
45,789;-8,587E-2
45,822;-8,711E-2
45,856;-8,728E-2
45,889;-8,797E-2
45,923;-8,947E-2
45,956;-9,026E-2
45,989;-9,076E-2
46,023;-9,138E-2
46,056;-9,197E-2
46,089;-9,278E-2
46,123;-9,299E-2
46,156;-9,384E-2
46,190;-9,466E-2
46,223;-9,473E-2
46,256;-9,577E-2
46,290;-9,632E-2
46,323;-9,677E-2
46,356;-9,719E-2
46,390;-9,808E-2
46,423;-9,841E-2
46,457;-9,925E-2
46,490;-9,992E-2
46,523;-0,101
46,557;-0,101
46,590;-0,102
46,623;-0,102
46,657;-0,102
46,690;-0,103
46,724;-0,104
46,757;-0,104
46,790;-0,105
46,824;-0,104
46,857;-0,106
46,890;-0,106
46,924;-0,106
46,957;-0,106
46,991;-0,107
47,024;-0,107
47,057;-0,107
47,091;-0,108
47,124;-0,109
47,157;-0,109
47,191;-0,109
47,224;-0,109
47,258;-0,110
47,291;-0,111
47,324;-0,111
47,358;-0,112
47,391;-0,112
47,424;-0,112
47,458;-0,113
47,491;-0,113
47,525;-0,113
47,558;-0,113
47,591;-0,113
47,625;-0,113
47,658;-0,114
47,691;-0,114
47,725;-0,114
47,758;-0,114
47,792;-0,114
47,825;-0,114
47,858;-0,114
47,892;-0,114
47,925;-0,114
47,958;-0,115
47,992;-0,114
48,025;-0,115
48,059;-0,116
48,092;-0,116
48,125;-0,116
48,159;-0,116
48,192;-0,116
48,225;-0,116
48,259;-0,117
48,292;-0,117
48,326;-0,117
48,359;-0,116
48,392;-0,116
48,426;-0,116
48,459;-0,117
48,492;-0,116
48,526;-0,116
48,559;-0,116
48,593;-0,116
48,626;-0,116
48,659;-0,116
48,693;-0,116
48,726;-0,116
48,759;-0,116
48,793;-0,116
48,826;-0,116
48,859;-0,116
48,893;-0,116
48,926;-0,116
48,960;-0,116
48,993;-0,116
49,026;-0,116
49,060;-0,116
49,093;-0,116
49,126;-0,116
49,160;-0,116
49,193;-0,116
49,227;-0,116
49,260;-0,114
49,293;-0,114
49,327;-0,114
49,360;-0,114
49,393;-0,114
49,427;-0,114
49,460;-0,114
49,494;-0,114
49,527;-0,113
49,560;-0,113
49,594;-0,112
49,627;-0,111
49,660;-0,111
49,694;-0,111
49,727;-0,111
49,761;-0,110
49,794;-0,110
49,827;-0,109
49,861;-0,109
49,894;-0,108
49,927;-0,108
49,961;-0,108
49,994;-0,108
50,028;-0,107
50,061;-0,107
50,094;-0,106
50,128;-0,105
50,161;-0,105
50,194;-0,105
50,228;-0,105
50,261;-0,104
50,295;-0,104
50,328;-0,102
50,361;-0,101
50,395;-0,100
50,428;-9,973E-2
50,461;-9,934E-2
50,495;-9,923E-2
50,528;-9,894E-2
50,562;-9,824E-2
50,595;-9,690E-2
50,628;-9,644E-2
50,662;-9,575E-2
50,695;-9,486E-2
50,728;-9,486E-2
50,762;-9,454E-2
50,795;-9,350E-2
50,829;-9,256E-2
50,862;-9,206E-2
50,895;-9,138E-2
50,929;-9,004E-2
50,962;-8,913E-2
50,995;-8,928E-2
51,029;-8,814E-2
51,062;-8,765E-2
51,096;-8,670E-2
51,129;-8,612E-2
51,162;-8,510E-2
51,196;-8,473E-2
51,229;-8,373E-2
51,262;-8,190E-2
51,296;-8,069E-2
51,329;-8,059E-2
51,363;-7,969E-2
51,396;-7,859E-2
51,429;-7,800E-2
51,463;-7,699E-2
51,496;-7,669E-2
51,529;-7,594E-2
51,563;-7,530E-2
51,596;-7,437E-2
51,630;-7,321E-2
51,663;-7,291E-2
51,696;-7,189E-2
51,730;-7,062E-2
51,763;-6,976E-2
51,796;-6,890E-2
51,830;-6,808E-2
51,863;-6,715E-2
51,897;-6,596E-2
51,930;-6,527E-2
51,963;-6,445E-2
51,997;-6,336E-2
52,030;-6,247E-2
52,063;-6,172E-2
52,097;-6,050E-2
52,130;-5,956E-2
52,164;-5,856E-2
52,197;-5,800E-2
52,230;-5,676E-2
52,264;-5,609E-2
52,297;-5,510E-2
52,330;-5,410E-2
52,364;-5,321E-2
52,397;-5,181E-2
52,431;-5,099E-2
52,464;-5,000E-2
52,497;-4,877E-2
52,531;-4,805E-2
52,564;-4,683E-2
52,597;-4,663E-2
52,631;-4,505E-2
52,664;-4,496E-2
52,698;-4,281E-2
52,731;-4,276E-2
52,764;-4,138E-2
52,798;-4,099E-2
52,831;-3,958E-2
52,864;-3,935E-2
52,898;-3,806E-2
52,931;-3,686E-2
52,964;-3,603E-2
52,998;-3,442E-2
53,031;-3,333E-2
53,065;-3,258E-2
53,098;-3,146E-2
53,131;-3,047E-2
53,165;-2,922E-2
53,198;-2,815E-2
53,231;-2,701E-2
53,265;-2,552E-2
53,298;-2,437E-2
53,332;-2,313E-2
53,365;-2,197E-2
53,398;-2,167E-2
53,432;-2,025E-2
53,465;-1,938E-2
53,498;-1,824E-2
53,532;-1,706E-2
53,565;-1,593E-2
53,599;-1,479E-2
53,632;-1,365E-2
53,665;-1,240E-2
53,699;-1,102E-2
53,732;-9,605E-3
53,765;-8,500E-3
53,799;-7,354E-3
53,832;-7,643E-3
53,866;-5,516E-3
53,899;-4,238E-3
53,932;-3,518E-3
53,966;-2,348E-3
53,999;-1,308E-3
54,032;9,679E-5
54,066;8,044E-4
54,099;1,676E-3
54,133;2,982E-3
54,166;3,981E-3
54,199;5,560E-3
54,233;6,616E-3
54,266;7,779E-3
54,299;9,038E-3
54,333;1,035E-2
54,366;1,133E-2
54,400;1,260E-2
54,433;1,391E-2
54,466;1,438E-2
54,500;1,537E-2
54,533;1,643E-2
54,566;1,752E-2
54,600;1,953E-2
54,633;2,064E-2
54,667;2,176E-2
54,700;2,255E-2
54,733;2,316E-2
54,767;2,448E-2
54,800;2,548E-2
54,833;2,704E-2
54,867;2,868E-2
54,900;2,973E-2
54,934;3,137E-2
54,967;3,231E-2
55,000;3,324E-2
55,034;3,416E-2
55,067;3,531E-2
55,100;3,664E-2
55,134;3,771E-2
55,167;3,857E-2
55,201;3,961E-2
55,234;4,058E-2
55,267;4,175E-2
55,301;4,297E-2
55,334;4,398E-2
55,367;4,517E-2
55,401;4,602E-2
55,434;4,730E-2
55,468;4,816E-2
55,501;4,947E-2
55,534;5,152E-2
55,568;5,145E-2
55,601;5,470E-2
55,634;5,565E-2
55,668;5,672E-2
55,701;5,800E-2
55,735;5,903E-2
55,768;5,997E-2
55,801;5,926E-2
55,835;5,978E-2
55,868;6,139E-2
55,901;6,243E-2
55,935;6,341E-2
55,968;6,453E-2
56,002;6,647E-2
56,035;6,755E-2
56,068;6,859E-2
56,102;6,979E-2
56,135;6,982E-2
56,168;7,075E-2
56,202;7,171E-2
56,235;7,338E-2
56,269;7,385E-2
56,302;7,470E-2
56,335;7,695E-2
56,369;7,694E-2
56,402;7,826E-2
56,435;7,943E-2
56,469;8,045E-2
56,502;8,127E-2
56,536;8,225E-2
56,569;8,335E-2
56,602;8,414E-2
56,636;8,497E-2
56,669;8,564E-2
56,702;8,644E-2
56,736;8,760E-2
56,769;8,868E-2
56,803;8,935E-2
56,836;9,080E-2
56,869;9,162E-2
56,903;9,221E-2
56,936;9,314E-2
56,969;9,427E-2
57,003;9,477E-2
57,036;9,556E-2
57,069;9,687E-2
57,103;9,763E-2
57,136;9,800E-2
57,170;9,891E-2
57,203;9,979E-2
57,236;0,101
57,270;0,102
57,303;0,103
57,336;0,103
57,370;0,104
57,403;0,105
57,437;0,106
57,470;0,106
57,503;0,107
57,537;0,108
57,570;0,109
57,603;0,109
57,637;0,110
57,670;0,111
57,704;0,112
57,737;0,112
57,770;0,113
57,804;0,114
57,837;0,115
57,870;0,115
57,904;0,116
57,937;0,117
57,971;0,117
58,004;0,118
58,037;0,119
58,071;0,119
58,104;0,120
58,137;0,120
58,171;0,121
58,204;0,122
58,238;0,122
58,271;0,123
58,304;0,123
58,338;0,124
58,371;0,125
58,404;0,125
58,438;0,126
58,471;0,126
58,505;0,127
58,538;0,127
58,571;0,128
58,605;0,128
58,638;0,128
58,671;0,129
58,705;0,129
58,738;0,130
58,772;0,130
58,805;0,131
58,838;0,131
58,872;0,132
58,905;0,132
58,938;0,133
58,972;0,133
59,005;0,133
59,039;0,133
59,072;0,134
59,105;0,134
59,139;0,135
59,172;0,135
59,205;0,135
59,239;0,136
59,272;0,136
59,306;0,136
59,339;0,137
59,372;0,137
59,406;0,137
59,439;0,137
59,472;0,137
59,506;0,138
59,539;0,138
59,573;0,138
59,606;0,138
59,639;0,139
59,673;0,139
59,706;0,139
59,739;0,139
59,773;0,139
59,806;0,139
59,840;0,139
59,873;0,139
59,906;0,139
59,940;0,140
59,973;0,140
60,006;0,140
60,040;0,140
60,073;0,141
60,107;0,141
60,140;0,141
60,173;0,141
60,207;0,141
60,240;0,141
60,273;0,141
60,307;0,141
60,340;0,141
60,374;0,141
60,407;0,141
60,440;0,141
60,474;0,141
60,507;0,141
60,540;0,141
60,574;0,140
60,607;0,141
60,641;0,141
60,674;0,140
60,707;0,140
60,741;0,140
60,774;0,139
60,807;0,139
60,841;0,139
60,874;0,139
60,908;0,138
60,941;0,138
60,974;0,138
61,008;0,138
61,041;0,138
61,074;0,138
61,108;0,137
61,141;0,137
61,174;0,137
61,208;0,136
61,241;0,136
61,275;0,136
61,308;0,136
61,341;0,135
61,375;0,135
61,408;0,134
61,441;0,134
61,475;0,134
61,508;0,133
61,542;0,133
61,575;0,132
61,608;0,132
61,642;0,132
61,675;0,132
61,708;0,131
61,742;0,131
61,775;0,130
61,809;0,130
61,842;0,129
61,875;0,129
61,909;0,128
61,942;0,127
61,975;0,127
62,009;0,126
62,042;0,126
62,076;0,126
62,109;0,125
62,142;0,125
62,176;0,124
62,209;0,123
62,242;0,123
62,276;0,122
62,309;0,122
62,343;0,121
62,376;0,121
62,409;0,120
62,443;0,119
62,476;0,118
62,509;0,118
62,543;0,117
62,576;0,116
62,610;0,115
62,643;0,115
62,676;0,114
62,710;0,113
62,743;0,113
62,776;0,112
62,810;0,112
62,843;0,111
62,877;0,110
62,910;0,110
62,943;0,109
62,977;0,108
63,010;0,108
63,043;0,107
63,077;0,106
63,110;0,106
63,144;0,105
63,177;0,104
63,210;0,103
63,244;0,102
63,277;0,101
63,310;0,100
63,344;9,939E-2
63,377;9,887E-2
63,411;9,801E-2
63,444;9,717E-2
63,477;9,597E-2
63,511;9,516E-2
63,544;9,511E-2
63,577;9,451E-2
63,611;9,329E-2
63,644;9,211E-2
63,678;9,152E-2
63,711;9,068E-2
63,744;8,985E-2
63,778;8,883E-2
63,811;8,822E-2
63,844;8,755E-2
63,878;8,678E-2
63,911;8,564E-2
63,945;8,480E-2
63,978;8,368E-2
64,011;8,302E-2
64,045;8,192E-2
64,078;8,063E-2
64,111;7,980E-2
64,145;7,873E-2
64,178;7,835E-2
64,212;7,704E-2
64,245;7,540E-2
64,278;7,491E-2
64,312;7,405E-2
64,345;7,341E-2
64,378;7,234E-2
64,412;7,163E-2
64,445;7,030E-2
64,479;6,890E-2
64,512;6,783E-2
64,545;6,772E-2
64,579;6,657E-2
64,612;6,517E-2
64,645;6,421E-2
64,679;6,280E-2
64,712;6,182E-2
64,746;6,110E-2
64,779;5,999E-2
64,812;5,940E-2
64,846;5,844E-2
64,879;5,774E-2
64,912;5,679E-2
64,946;5,542E-2
64,979;5,442E-2
65,013;5,291E-2
65,046;5,219E-2
65,079;5,116E-2
65,113;4,954E-2
65,146;4,930E-2
65,179;4,824E-2
65,213;4,669E-2
65,246;4,607E-2
65,279;4,521E-2
65,313;4,431E-2
65,346;4,317E-2
65,380;4,228E-2
65,413;4,115E-2
65,446;3,995E-2
65,480;3,845E-2
65,513;3,748E-2
65,546;3,676E-2
65,580;3,584E-2
65,613;3,497E-2
65,647;3,361E-2
65,680;3,244E-2
65,713;3,170E-2
65,747;3,031E-2
65,780;2,945E-2
65,813;2,887E-2
65,847;2,754E-2
65,880;2,644E-2
65,914;2,511E-2
65,947;2,478E-2
65,980;2,381E-2
66,014;2,256E-2
66,047;2,149E-2
66,080;2,027E-2
66,114;1,959E-2
66,147;1,747E-2
66,181;1,655E-2
66,214;1,598E-2
66,247;1,492E-2
66,281;1,383E-2
66,314;1,265E-2
66,347;1,183E-2
66,381;1,078E-2
66,414;9,521E-3
66,448;8,158E-3
66,481;7,098E-3
66,514;6,258E-3
66,548;5,362E-3
66,581;4,229E-3
66,614;3,112E-3
66,648;1,999E-3
66,681;9,839E-4
66,715;-4,611E-5
66,748;-9,912E-4
66,781;-2,080E-3
66,815;-3,379E-3
66,848;-4,515E-3
66,881;-5,518E-3
66,915;-6,396E-3
66,948;-7,511E-3
66,982;-8,392E-3
67,015;-9,531E-3
67,048;-1,007E-2
67,082;-1,116E-2
67,115;-1,192E-2
67,148;-1,321E-2
67,182;-1,419E-2
67,215;-1,522E-2
67,249;-1,620E-2
67,282;-1,813E-2
67,315;-1,833E-2
67,349;-1,963E-2
67,382;-2,051E-2
67,415;-2,171E-2
67,449;-2,231E-2
67,482;-2,389E-2
67,516;-2,485E-2
67,549;-2,560E-2
67,582;-2,645E-2
67,616;-2,780E-2
67,649;-2,903E-2
67,682;-2,958E-2
67,716;-3,074E-2
67,749;-3,154E-2
67,783;-3,251E-2
67,816;-3,295E-2
67,849;-3,390E-2
67,883;-3,463E-2
67,916;-3,552E-2
67,949;-3,660E-2
67,983;-3,770E-2
68,016;-3,857E-2
68,050;-3,947E-2
68,083;-3,999E-2
68,116;-4,098E-2
68,150;-4,175E-2
68,183;-4,320E-2
68,216;-4,384E-2
68,250;-4,502E-2
68,283;-4,556E-2
68,317;-4,651E-2
68,350;-4,703E-2
68,383;-4,776E-2
68,417;-4,877E-2
68,450;-4,981E-2
68,483;-5,085E-2
68,517;-5,186E-2
68,550;-5,264E-2
68,584;-5,335E-2
68,617;-5,386E-2
68,650;-5,465E-2
68,684;-5,517E-2
68,717;-5,617E-2
68,750;-5,754E-2
68,784;-5,868E-2
68,817;-5,915E-2
68,851;-5,989E-2
68,884;-6,093E-2
68,917;-6,100E-2
68,951;-6,156E-2
68,984;-6,239E-2
69,017;-6,334E-2
69,051;-6,431E-2
69,084;-6,468E-2
69,118;-6,547E-2
69,151;-6,652E-2
69,184;-6,711E-2
69,218;-6,736E-2
69,251;-6,843E-2
69,284;-6,885E-2
69,318;-6,951E-2
69,351;-7,022E-2
69,384;-7,074E-2
69,418;-7,184E-2
69,451;-7,214E-2
69,485;-7,308E-2
69,518;-7,403E-2
69,551;-7,439E-2
69,585;-7,506E-2
69,618;-7,563E-2
69,651;-7,577E-2
69,685;-7,663E-2
69,718;-7,724E-2
69,752;-7,791E-2
69,785;-7,875E-2
69,818;-7,910E-2
69,852;-7,907E-2
69,885;-7,966E-2
69,918;-8,013E-2
69,952;-8,255E-2
69,985;-8,277E-2
70,019;-8,398E-2
70,052;-8,426E-2
70,085;-8,464E-2
70,119;-8,522E-2
70,152;-8,549E-2
70,185;-8,582E-2
70,219;-8,673E-2
70,252;-8,654E-2
70,286;-8,709E-2
70,319;-8,725E-2
70,352;-8,867E-2
70,386;-8,889E-2
70,419;-8,926E-2
70,452;-8,909E-2
70,486;-9,071E-2
70,519;-9,096E-2
70,553;-9,201E-2
70,586;-9,222E-2
70,619;-9,260E-2
70,653;-9,276E-2
70,686;-9,333E-2
70,719;-9,345E-2
70,753;-9,295E-2
70,786;-9,333E-2
70,820;-9,379E-2
70,853;-9,405E-2
70,886;-9,470E-2
70,920;-9,482E-2
70,953;-9,506E-2
70,986;-9,529E-2
71,020;-9,533E-2
71,053;-9,531E-2
71,087;-9,566E-2
71,120;-9,576E-2
71,153;-9,627E-2
71,187;-9,629E-2
71,220;-9,608E-2
71,253;-9,614E-2
71,287;-9,761E-2
71,320;-9,763E-2
71,354;-9,747E-2
71,387;-9,743E-2
71,420;-9,867E-2
71,454;-9,849E-2
71,487;-9,836E-2
71,520;-9,814E-2
71,554;-9,906E-2
71,587;-9,912E-2
71,621;-9,933E-2
71,654;-9,937E-2
71,687;-9,941E-2
71,721;-9,931E-2
71,754;-9,952E-2
71,787;-9,932E-2
71,821;-9,999E-2
71,854;-0,100
71,888;-9,997E-2
71,921;-9,991E-2
71,954;-0,100
71,988;-0,100
72,021;-9,997E-2
72,054;-0,100
72,088;-0,100
72,121;-0,100
72,155;-0,100
72,188;-0,101
72,221;-0,101
72,255;-0,101
72,288;-0,100
72,321;-1,000E-1
72,355;-0,101
72,388;-0,100
72,422;-0,100
72,455;-0,100
72,488;-0,100
72,522;-9,950E-2
72,555;-9,951E-2
72,588;-9,939E-2
72,622;-9,942E-2
72,655;-9,937E-2
72,689;-9,919E-2
72,722;-9,924E-2
72,755;-9,926E-2
72,789;-9,911E-2
72,822;-9,881E-2
72,855;-9,855E-2
72,889;-9,805E-2
72,922;-9,798E-2
72,956;-9,787E-2
72,989;-9,783E-2
73,022;-9,758E-2
73,056;-9,652E-2
73,089;-9,666E-2
73,122;-9,662E-2
73,156;-9,636E-2
73,189;-9,606E-2
73,223;-9,525E-2
73,256;-9,521E-2
73,289;-9,499E-2
73,323;-9,475E-2
73,356;-9,435E-2
73,389;-9,413E-2
73,423;-9,334E-2
73,456;-9,307E-2
73,489;-9,270E-2
73,523;-9,246E-2
73,556;-9,149E-2
73,590;-9,144E-2
73,623;-9,072E-2
73,656;-9,058E-2
73,690;-9,032E-2
73,723;-8,994E-2
73,756;-8,957E-2
73,790;-8,961E-2
73,823;-8,929E-2
73,857;-8,906E-2
73,890;-8,810E-2
73,923;-8,824E-2
73,957;-8,611E-2
73,990;-8,603E-2
74,023;-8,574E-2
74,057;-8,562E-2
74,090;-8,503E-2
74,124;-8,446E-2
74,157;-8,345E-2
74,190;-8,296E-2
74,224;-8,251E-2
74,257;-8,133E-2
74,290;-8,109E-2
74,324;-8,047E-2
74,357;-7,956E-2
74,391;-7,948E-2
74,424;-7,823E-2
74,457;-7,800E-2
74,491;-7,740E-2
74,524;-7,711E-2
74,557;-7,629E-2
74,591;-7,616E-2
74,624;-7,478E-2
74,658;-7,422E-2
74,691;-7,358E-2
74,724;-7,276E-2
74,758;-7,258E-2
74,791;-7,139E-2
74,824;-7,158E-2
74,858;-7,049E-2
74,891;-7,010E-2
74,925;-6,905E-2
74,958;-6,868E-2
74,991;-6,783E-2
75,025;-6,721E-2
75,058;-6,642E-2
75,091;-6,585E-2
75,125;-6,500E-2
75,158;-6,416E-2
75,192;-6,306E-2
75,225;-6,220E-2
75,258;-6,148E-2
75,292;-6,136E-2
75,325;-6,086E-2
75,358;-5,999E-2
75,392;-5,937E-2
75,425;-5,836E-2
75,459;-5,753E-2
75,492;-5,598E-2
75,525;-5,524E-2
75,559;-5,472E-2
75,592;-5,410E-2
75,625;-5,335E-2
75,659;-5,265E-2
75,692;-5,174E-2
75,726;-5,082E-2
75,759;-5,008E-2
75,792;-4,915E-2
75,826;-4,821E-2
75,859;-4,756E-2
75,892;-4,628E-2
75,926;-4,540E-2
75,959;-4,462E-2
75,993;-4,361E-2
76,026;-4,301E-2
76,059;-4,216E-2
76,093;-4,096E-2
76,126;-3,996E-2
76,159;-3,941E-2
76,193;-3,851E-2
76,226;-3,729E-2
76,260;-3,624E-2
76,293;-3,549E-2
76,326;-3,466E-2
76,360;-3,369E-2
76,393;-3,294E-2
76,426;-3,223E-2
76,460;-3,110E-2
76,493;-3,006E-2
76,527;-2,915E-2
76,560;-2,810E-2
76,593;-2,716E-2
76,627;-2,667E-2
76,660;-2,536E-2
76,693;-2,434E-2
76,727;-2,379E-2
76,760;-2,285E-2
76,794;-2,249E-2
76,827;-2,148E-2
76,860;-2,006E-2
76,894;-1,831E-2
76,927;-1,767E-2
76,960;-1,702E-2
76,994;-1,633E-2
77,027;-1,574E-2
77,061;-1,461E-2
77,094;-1,332E-2
77,127;-1,229E-2
77,161;-1,091E-2
77,194;-1,032E-2
77,227;-9,125E-3
77,261;-8,480E-3
77,294;-8,088E-3
77,327;-6,872E-3
77,361;-5,992E-3
77,394;-5,020E-3
77,428;-3,645E-3
77,461;-2,937E-3
77,494;-1,952E-3
77,528;-6,974E-4
77,561;5,874E-4
77,594;1,601E-3
77,628;2,397E-3
77,661;3,195E-3
77,695;3,766E-3
77,728;4,681E-3
77,761;5,562E-3
77,795;6,202E-3
77,828;7,335E-3
77,861;8,452E-3
77,895;9,133E-3
77,928;9,905E-3
77,962;1,088E-2
77,995;1,172E-2
78,028;1,242E-2
78,062;1,329E-2
78,095;1,447E-2
78,128;1,533E-2
78,162;1,632E-2
78,195;1,731E-2
78,229;1,813E-2
78,262;1,900E-2
78,295;1,942E-2
78,329;2,052E-2
78,362;2,093E-2
78,395;2,131E-2
78,429;2,280E-2
78,462;2,316E-2
78,496;2,441E-2
78,529;2,556E-2
78,562;2,637E-2
78,596;2,695E-2
78,629;2,794E-2
78,662;2,851E-2
78,696;2,929E-2
78,729;3,046E-2
78,763;3,070E-2
78,796;3,167E-2
78,829;3,286E-2
78,863;3,324E-2
78,896;3,412E-2
78,929;3,519E-2
78,963;3,552E-2
78,996;3,638E-2
79,030;3,682E-2
79,063;3,766E-2
79,096;3,887E-2
79,130;3,910E-2
79,163;4,005E-2
79,196;4,034E-2
79,230;4,171E-2
79,263;4,257E-2
79,297;4,287E-2
79,330;4,390E-2
79,363;4,404E-2
79,397;4,492E-2
79,430;4,549E-2
79,463;4,630E-2
79,497;4,678E-2
79,530;4,792E-2
79,564;4,847E-2
79,597;4,889E-2
79,630;4,941E-2
79,664;5,020E-2
79,697;5,074E-2
79,730;5,147E-2
79,764;5,228E-2
79,797;5,265E-2
79,831;5,345E-2
79,864;5,380E-2
79,897;5,483E-2
79,931;5,520E-2
79,964;5,597E-2
79,997;5,676E-2
80,031;5,722E-2
80,064;5,797E-2
80,098;5,868E-2
80,131;5,880E-2
80,164;5,945E-2
80,198;5,978E-2
80,231;6,100E-2
80,264;6,090E-2
80,298;6,224E-2
80,331;6,248E-2
80,365;6,266E-2
80,398;6,335E-2
80,431;6,399E-2
80,465;6,464E-2
80,498;6,477E-2
80,531;6,496E-2
80,565;6,573E-2
80,598;6,614E-2
80,632;6,617E-2
80,665;6,652E-2
80,698;6,783E-2
80,732;6,829E-2
80,765;6,841E-2
80,798;6,930E-2
80,832;6,975E-2
80,865;7,029E-2
80,899;7,056E-2
80,932;7,099E-2
80,965;7,144E-2
80,999;7,179E-2
81,032;7,226E-2
81,065;7,253E-2
81,099;7,316E-2
81,132;7,340E-2
81,166;7,419E-2
81,199;7,445E-2
81,232;7,512E-2
81,266;7,540E-2
81,299;7,571E-2
81,332;7,577E-2
81,366;7,651E-2
81,399;7,673E-2
81,432;7,694E-2
81,466;7,703E-2
81,499;7,718E-2
81,533;7,748E-2
81,566;7,800E-2
81,599;7,854E-2
81,633;7,871E-2
81,666;7,907E-2
81,699;7,942E-2
81,733;7,945E-2
81,766;7,938E-2
81,800;7,942E-2
81,833;8,038E-2
81,866;8,048E-2
81,900;8,058E-2
81,933;8,081E-2
81,966;8,105E-2
82,000;8,139E-2
82,033;8,138E-2
82,067;8,158E-2
82,100;8,211E-2
82,133;8,196E-2
82,167;8,216E-2
82,200;8,245E-2
82,233;8,309E-2
82,267;8,317E-2
82,300;8,326E-2
82,334;8,324E-2
82,367;8,372E-2
82,400;8,392E-2
82,434;8,366E-2
82,467;8,383E-2
82,500;8,429E-2
82,534;8,429E-2
82,567;8,429E-2
82,601;8,443E-2
82,634;8,433E-2
82,667;8,435E-2
82,701;8,442E-2
82,734;8,436E-2
82,767;8,434E-2
82,801;8,436E-2
82,834;8,430E-2
82,868;8,432E-2
82,901;8,441E-2
82,934;8,436E-2
82,968;8,444E-2
83,001;8,429E-2
83,034;8,435E-2
83,068;8,434E-2
83,101;8,433E-2
83,135;8,428E-2
83,168;8,434E-2
83,201;8,426E-2
83,235;8,422E-2
83,268;8,425E-2
83,301;8,376E-2
83,335;8,354E-2
83,368;8,378E-2
83,402;8,366E-2
83,435;8,358E-2
83,468;8,360E-2
83,502;8,359E-2
83,535;8,364E-2
83,568;8,339E-2
83,602;8,339E-2
83,635;8,342E-2
83,669;8,328E-2
83,702;8,338E-2
83,735;8,346E-2
83,769;8,324E-2
83,802;8,318E-2
83,835;8,176E-2
83,869;8,162E-2
83,902;8,154E-2
83,936;8,126E-2
83,969;8,125E-2
84,002;8,103E-2
84,036;8,075E-2
84,069;8,053E-2
84,102;8,006E-2
84,136;7,994E-2
84,169;7,983E-2
84,203;7,975E-2
84,236;7,881E-2
84,269;7,852E-2
84,303;7,850E-2
84,336;7,835E-2
84,369;7,751E-2
84,403;7,748E-2
84,436;7,736E-2
84,470;7,718E-2
84,503;7,634E-2
84,536;7,584E-2
84,570;7,599E-2
84,603;7,574E-2
84,636;7,479E-2
84,670;7,441E-2
84,703;7,396E-2
84,737;7,397E-2
84,770;7,328E-2
84,803;7,288E-2
84,837;7,249E-2
84,870;7,210E-2
84,903;7,163E-2
84,937;7,134E-2
84,970;7,043E-2
85,004;6,982E-2
85,037;6,921E-2
85,070;6,905E-2
85,104;6,894E-2
85,137;6,815E-2
85,170;6,763E-2
85,204;6,776E-2
85,237;6,720E-2
85,271;6,666E-2
85,304;6,597E-2
85,337;6,578E-2
85,371;6,531E-2
85,404;6,501E-2
85,437;6,396E-2
85,471;6,406E-2
85,504;6,317E-2
85,537;6,314E-2
85,571;6,169E-2
85,604;6,166E-2
85,638;6,049E-2
85,671;6,059E-2
85,704;6,009E-2
85,738;5,971E-2
85,771;5,859E-2
85,804;5,851E-2
85,838;5,772E-2
85,871;5,733E-2
85,905;5,649E-2
85,938;5,602E-2
85,971;5,609E-2
86,005;5,571E-2
86,038;5,469E-2
86,071;5,430E-2
86,105;5,349E-2
86,138;5,337E-2
86,172;5,179E-2
86,205;5,153E-2
86,238;5,070E-2
86,272;5,058E-2
86,305;4,978E-2
86,338;4,930E-2
86,372;4,767E-2
86,405;4,773E-2
86,439;4,684E-2
86,472;4,642E-2
86,505;4,576E-2
86,539;4,575E-2
86,572;4,449E-2
86,605;4,409E-2
86,639;4,368E-2
86,672;4,237E-2
86,706;4,221E-2
86,739;4,157E-2
86,772;4,070E-2
86,806;3,954E-2
86,839;3,963E-2
86,872;3,936E-2
86,906;3,830E-2
86,939;3,752E-2
86,973;3,786E-2
87,006;3,675E-2
87,039;3,578E-2
87,073;3,543E-2
87,106;3,427E-2
87,139;3,359E-2
87,173;3,281E-2
87,206;3,178E-2
87,240;3,167E-2
87,273;3,129E-2
87,306;2,939E-2
87,340;2,936E-2
87,373;2,885E-2
87,406;2,762E-2
87,440;2,681E-2
87,473;2,609E-2
87,507;2,573E-2
87,540;2,512E-2
87,573;2,567E-2
87,607;2,553E-2
87,640;2,550E-2
87,673;2,461E-2
87,707;2,444E-2
87,740;2,337E-2
87,774;2,317E-2
87,807;2,090E-2
87,840;1,967E-2
87,874;1,973E-2
87,907;1,865E-2
87,940;1,832E-2
87,974;1,753E-2
88,007;1,614E-2
88,041;1,485E-2
88,074;1,469E-2
88,107;1,373E-2
88,141;1,345E-2
88,174;1,306E-2
88,207;1,193E-2
88,241;1,129E-2
88,274;1,048E-2
88,308;1,014E-2
88,341;9,645E-3
88,374;8,542E-3
88,408;8,514E-3
88,441;7,420E-3
88,474;8,622E-3
88,508;6,469E-3
88,541;5,109E-3
88,575;5,082E-3
88,608;4,484E-3
88,641;2,714E-3
88,675;2,476E-3
88,708;2,654E-3
88,741;3,754E-4
88,775;1,767E-3
88,808;1,244E-3
88,842;1,815E-3
88,875;1,331E-3
88,908;1,098E-3
88,942;6,689E-5
88,975;-5,269E-5
89,008;-6,877E-5
89,042;-1,789E-3
89,075;-4,086E-3
89,109;-4,948E-3
89,142;-5,568E-3
89,175;-5,548E-3
89,209;-6,457E-3
89,242;-6,704E-3
89,275;-8,346E-3
89,309;-8,465E-3
89,342;-9,866E-3
89,376;-1,058E-2
89,409;-1,126E-2
89,442;-1,157E-2
89,476;-1,170E-2
89,509;-1,230E-2
89,542;-1,329E-2
89,576;-1,429E-2
89,609;-1,475E-2
89,642;-1,555E-2
89,676;-1,603E-2
89,709;-1,707E-2
89,743;-1,695E-2
89,776;-1,711E-2
89,809;-1,717E-2
89,843;-1,922E-2
89,876;-1,956E-2
89,909;-2,054E-2
89,943;-2,131E-2
89,976;-2,200E-2
90,010;-2,217E-2
90,043;-2,219E-2
90,076;-2,355E-2
90,110;-2,494E-2
90,143;-2,578E-2
90,176;-2,627E-2
90,210;-2,675E-2
90,243;-2,766E-2
90,277;-2,784E-2
90,310;-2,913E-2
90,343;-2,931E-2
90,377;-3,012E-2
90,410;-3,091E-2
90,443;-3,088E-2
90,477;-3,161E-2
90,510;-3,252E-2
90,544;-3,288E-2
90,577;-3,344E-2
90,610;-3,417E-2
90,644;-3,436E-2
90,677;-3,563E-2
90,710;-3,569E-2
90,744;-3,601E-2
90,777;-3,679E-2
90,811;-3,690E-2
90,844;-3,716E-2
90,877;-3,729E-2
90,911;-3,820E-2
90,944;-3,834E-2
90,977;-3,888E-2
91,011;-3,911E-2
91,044;-4,055E-2
91,078;-4,072E-2
91,111;-4,167E-2
91,144;-4,254E-2
91,178;-4,305E-2
91,211;-4,314E-2
91,244;-4,421E-2
91,278;-4,450E-2
91,311;-4,428E-2
91,345;-4,446E-2
91,378;-4,465E-2
91,411;-4,569E-2
91,445;-4,639E-2
91,478;-4,667E-2
91,511;-4,680E-2
91,545;-4,698E-2
91,578;-4,749E-2
91,612;-4,746E-2
91,645;-4,756E-2
91,678;-4,786E-2
91,712;-4,936E-2
91,745;-4,962E-2
91,778;-5,019E-2
91,812;-5,041E-2
91,845;-5,030E-2
91,879;-5,056E-2
91,912;-5,132E-2
91,945;-5,155E-2
91,979;-5,174E-2
92,012;-5,194E-2
92,045;-5,237E-2
92,079;-5,276E-2
92,112;-5,354E-2
92,146;-5,378E-2
92,179;-5,391E-2
92,212;-5,413E-2
92,246;-5,423E-2
92,279;-5,432E-2
92,312;-5,517E-2
92,346;-5,542E-2
92,379;-5,530E-2
92,413;-5,563E-2
92,446;-5,631E-2
92,479;-5,645E-2
92,513;-5,701E-2
92,546;-5,724E-2
92,579;-5,731E-2
92,613;-5,740E-2
92,646;-5,739E-2
92,680;-5,778E-2
92,713;-5,778E-2
92,746;-5,855E-2
92,780;-5,873E-2
92,813;-5,906E-2
92,846;-5,949E-2
92,880;-5,952E-2
92,913;-5,968E-2
92,947;-5,963E-2
92,980;-6,033E-2
93,013;-6,061E-2
93,047;-6,078E-2
93,080;-6,091E-2
93,113;-6,135E-2
93,147;-6,154E-2
93,180;-6,203E-2
93,214;-6,238E-2
93,247;-6,276E-2
93,280;-6,284E-2
93,314;-6,287E-2
93,347;-6,281E-2
93,380;-6,305E-2
93,414;-6,340E-2
93,447;-6,349E-2
93,481;-6,366E-2
93,514;-6,385E-2
93,547;-6,380E-2
93,581;-6,429E-2
93,614;-6,463E-2
93,647;-6,469E-2
93,681;-6,464E-2
93,714;-6,469E-2
93,747;-6,475E-2
93,781;-6,515E-2
93,814;-6,532E-2
93,848;-6,589E-2
93,881;-6,596E-2
93,914;-6,596E-2
93,948;-6,603E-2
93,981;-6,618E-2
94,014;-6,625E-2
94,048;-6,623E-2
94,081;-6,623E-2
94,115;-6,651E-2
94,148;-6,676E-2
94,181;-6,703E-2
94,215;-6,716E-2
94,248;-6,744E-2
94,281;-6,767E-2
94,315;-6,777E-2
94,348;-6,786E-2
94,382;-6,810E-2
94,415;-6,818E-2
94,448;-6,836E-2
94,482;-6,827E-2
94,515;-6,913E-2
94,548;-6,920E-2
94,582;-6,930E-2
94,615;-6,929E-2
94,649;-6,930E-2
94,682;-6,929E-2
94,715;-6,937E-2
94,749;-6,932E-2
94,782;-6,993E-2
94,815;-7,013E-2
94,849;-7,013E-2
94,882;-6,998E-2
94,916;-7,000E-2
94,949;-6,997E-2
94,982;-7,000E-2
95,016;-7,003E-2
95,049;-7,275E-2
95,082;-7,287E-2
95,116;-7,280E-2
95,149;-7,285E-2
95,183;-7,293E-2
95,216;-7,299E-2
95,249;-7,295E-2
95,283;-7,295E-2
95,316;-7,271E-2
95,349;-7,289E-2
95,383;-7,300E-2
95,416;-7,292E-2
95,450;-7,276E-2
95,483;-7,286E-2
95,516;-7,278E-2
95,550;-7,288E-2
95,583;-7,266E-2
95,616;-7,226E-2
95,650;-7,241E-2
95,683;-7,240E-2
95,717;-7,223E-2
95,750;-7,235E-2
95,783;-7,208E-2
95,817;-7,179E-2
95,850;-7,216E-2
95,883;-6,868E-2
95,917;-6,889E-2
95,950;-6,890E-2
95,984;-6,862E-2
96,017;-6,765E-2
96,050;-6,828E-2
96,084;-6,800E-2
96,117;-6,779E-2
96,150;-6,772E-2
96,184;-6,730E-2
96,217;-6,761E-2
96,251;-6,672E-2
96,284;-6,669E-2
96,317;-6,676E-2
96,351;-6,684E-2
96,384;-6,637E-2
96,417;-6,621E-2
96,451;-6,632E-2
96,484;-6,639E-2
96,518;-6,562E-2
96,551;-6,544E-2
96,584;-6,477E-2
96,618;-6,433E-2
96,651;-6,452E-2
96,684;-6,438E-2
96,718;-6,440E-2
96,751;-6,399E-2
96,785;-6,379E-2
96,818;-6,362E-2
96,851;-6,312E-2
96,885;-6,314E-2
96,918;-6,283E-2
96,951;-6,256E-2
96,985;-6,209E-2
97,018;-6,181E-2
97,052;-6,155E-2
97,085;-6,117E-2
97,118;-6,078E-2
97,152;-6,046E-2
97,185;-6,090E-2
97,218;-6,067E-2
97,252;-6,043E-2
97,285;-6,000E-2
97,319;-5,955E-2
97,352;-5,932E-2
97,385;-5,904E-2
97,419;-5,861E-2
97,452;-5,799E-2
97,485;-5,782E-2
97,519;-5,712E-2
97,552;-5,706E-2
97,586;-5,660E-2
97,619;-5,624E-2
97,652;-5,600E-2
97,686;-5,589E-2
97,719;-5,300E-2
97,752;-5,276E-2
97,786;-5,441E-2
97,819;-5,427E-2
97,852;-5,383E-2
97,886;-5,327E-2
97,919;-5,255E-2
97,953;-5,200E-2
97,986;-5,202E-2
98,019;-5,194E-2
98,053;-5,095E-2
98,086;-5,081E-2
98,119;-5,040E-2
98,153;-4,970E-2
98,186;-4,963E-2
98,220;-4,941E-2
98,253;-4,821E-2
98,286;-4,782E-2
98,320;-4,716E-2
98,353;-4,632E-2
98,386;-4,612E-2
98,420;-4,586E-2
98,453;-4,490E-2
98,487;-4,485E-2
98,520;-4,491E-2
98,553;-4,408E-2
98,587;-4,355E-2
98,620;-4,319E-2
98,653;-4,277E-2
98,687;-4,218E-2
98,720;-4,152E-2
98,754;-4,113E-2
98,787;-4,068E-2
98,820;-4,017E-2
98,854;-3,962E-2
98,887;-3,893E-2
98,920;-3,866E-2
98,954;-3,794E-2
98,987;-3,736E-2
99,021;-3,688E-2
99,054;-3,659E-2
99,087;-3,634E-2
99,121;-3,522E-2
99,154;-3,503E-2
99,187;-3,405E-2
99,221;-3,354E-2
99,254;-3,277E-2
99,288;-3,256E-2
99,321;-3,163E-2
99,354;-3,115E-2
99,388;-3,035E-2
99,421;-2,965E-2
99,454;-2,929E-2
99,488;-2,870E-2
99,521;-2,798E-2
99,555;-2,734E-2
99,588;-2,706E-2
99,621;-2,641E-2
99,655;-2,581E-2
99,688;-2,513E-2
99,721;-2,459E-2
99,755;-2,363E-2
99,788;-2,312E-2
99,822;-2,291E-2
99,855;-2,243E-2
99,888;-2,184E-2
99,922;-2,117E-2
99,955;-2,071E-2
99,988;-1,987E-2
100,022;-1,931E-2
100,055;-1,879E-2
100,089;-1,837E-2
100,122;-1,769E-2
100,155;-1,708E-2
100,189;-1,632E-2
100,222;-1,587E-2
100,255;-1,526E-2
100,289;-1,457E-2
100,322;-1,403E-2
100,356;-1,327E-2
100,389;-1,268E-2
100,422;-1,230E-2
100,456;-1,154E-2
100,489;-1,091E-2
100,522;-1,022E-2
100,556;-9,763E-3
100,589;-9,307E-3
100,623;-8,627E-3
100,656;-7,745E-3
100,689;-7,609E-3
100,723;-8,546E-3
100,756;-7,478E-3
100,789;-5,480E-3
100,823;-4,743E-3
100,856;-3,957E-3
100,890;-3,260E-3
100,923;-4,420E-3
100,956;-3,786E-3
100,990;-3,210E-3
101,023;-2,536E-3
101,056;-1,771E-3
101,090;-1,123E-3
101,123;-4,330E-4
101,157;-1,328E-4
101,190;6,656E-4
101,223;1,184E-3
101,257;1,767E-3
101,290;2,597E-3
101,323;2,947E-3
101,357;3,669E-3
101,390;3,877E-3
101,424;4,587E-3
101,457;5,296E-3
101,490;5,951E-3
101,524;6,642E-3
101,557;7,184E-3
101,590;7,793E-3
101,624;8,056E-3
101,657;9,243E-3
101,691;9,943E-3
101,724;1,015E-2
101,757;1,052E-2
101,791;1,132E-2
101,824;1,240E-2
101,857;1,286E-2
101,891;1,361E-2
101,924;1,272E-2
101,957;1,318E-2
101,991;1,393E-2
102,024;1,454E-2
102,058;1,572E-2
102,091;1,623E-2
102,124;1,669E-2
102,158;1,709E-2
102,191;1,796E-2
102,224;1,838E-2
102,258;1,899E-2
102,291;1,919E-2
102,325;2,023E-2
102,358;2,040E-2
102,391;2,150E-2
102,425;2,193E-2
102,458;2,246E-2
102,491;2,242E-2
102,525;2,390E-2
102,558;2,412E-2
102,592;2,406E-2
102,625;2,525E-2
102,658;2,624E-2
102,692;2,693E-2
102,725;2,726E-2
102,758;2,817E-2
102,792;2,726E-2
102,825;2,765E-2
102,859;2,787E-2
102,892;2,768E-2
102,925;2,879E-2
102,959;2,927E-2
102,992;3,020E-2
103,025;3,092E-2
103,059;3,133E-2
103,092;3,146E-2
103,126;3,246E-2
103,159;3,323E-2
103,192;3,315E-2
103,226;3,361E-2
103,259;3,422E-2
103,292;3,541E-2
103,326;3,600E-2
103,359;3,629E-2
103,393;3,727E-2
103,426;3,755E-2
103,459;3,832E-2
103,493;3,737E-2
103,526;3,948E-2
103,559;4,004E-2
103,593;3,973E-2
103,626;3,986E-2
103,660;3,973E-2
103,693;4,031E-2
103,726;4,041E-2
103,760;4,070E-2
103,793;4,146E-2
103,826;4,138E-2
103,860;4,282E-2
103,893;4,328E-2
103,927;4,309E-2
103,960;4,301E-2
103,993;4,401E-2
104,027;4,435E-2
104,060;4,537E-2
104,093;4,544E-2
104,127;4,539E-2
104,160;4,539E-2
104,194;4,594E-2
104,227;4,656E-2
104,260;4,703E-2
104,294;4,738E-2
104,327;4,779E-2
104,360;4,829E-2
104,394;4,832E-2
104,427;4,872E-2
104,461;4,879E-2
104,494;4,938E-2
104,527;4,982E-2
104,561;4,965E-2
104,594;5,020E-2
104,627;5,057E-2
104,661;5,062E-2
104,694;5,098E-2
104,728;5,088E-2
104,761;5,144E-2
104,794;5,172E-2
104,828;5,197E-2
104,861;5,194E-2
104,894;5,210E-2
104,928;5,316E-2
104,961;5,284E-2
104,995;5,306E-2
105,028;5,339E-2
105,061;5,418E-2
105,095;5,386E-2
105,128;5,410E-2
105,161;5,413E-2
105,195;5,440E-2
105,228;5,484E-2
105,262;5,519E-2
105,295;5,521E-2
105,328;5,571E-2
105,362;5,602E-2
105,395;5,613E-2
105,428;5,629E-2
105,462;5,649E-2
105,495;5,658E-2
105,529;5,671E-2
105,562;5,726E-2
105,595;5,792E-2
105,629;5,822E-2
105,662;5,869E-2
105,695;5,917E-2
105,729;5,860E-2
105,762;5,868E-2
105,795;5,890E-2
105,829;5,890E-2
105,862;5,978E-2
105,896;6,004E-2
105,929;6,004E-2
105,962;6,028E-2
105,996;6,102E-2
106,029;6,124E-2
106,062;6,118E-2
106,096;6,171E-2
106,129;6,196E-2
106,163;6,226E-2
106,196;6,243E-2
106,229;6,256E-2
106,263;6,251E-2
106,296;6,258E-2
106,329;6,303E-2
106,363;6,352E-2
106,396;6,364E-2
106,430;6,373E-2
106,463;6,420E-2
106,496;6,436E-2
106,530;6,447E-2
106,563;6,480E-2
106,596;6,505E-2
106,630;6,549E-2
106,663;6,556E-2
106,697;6,578E-2
106,730;6,607E-2
106,763;6,622E-2
106,797;6,675E-2
106,830;6,675E-2
106,863;6,715E-2
106,897;6,730E-2
106,930;6,738E-2
106,964;6,744E-2
106,997;6,751E-2
107,030;6,749E-2
107,064;6,851E-2
107,097;6,859E-2
107,130;6,849E-2
107,164;6,846E-2
107,197;6,895E-2
107,231;6,890E-2
107,264;6,927E-2
107,297;6,936E-2
107,331;7,103E-2
107,364;7,102E-2
107,397;7,106E-2
107,431;7,121E-2
107,464;7,249E-2
107,498;7,250E-2
107,531;7,247E-2
107,564;7,242E-2
107,598;7,209E-2
107,631;7,223E-2
107,664;7,213E-2
107,698;7,208E-2
107,731;7,166E-2
107,765;7,150E-2
107,798;7,145E-2
107,831;7,146E-2
107,865;7,182E-2
107,898;7,199E-2
107,931;7,202E-2
107,965;7,206E-2
107,998;7,193E-2
108,032;7,204E-2
108,065;7,199E-2
108,098;7,185E-2
108,132;7,218E-2
108,165;7,213E-2
108,198;7,200E-2
108,232;7,199E-2
108,265;7,206E-2
108,299;7,198E-2
108,332;7,203E-2
108,365;7,190E-2
108,399;7,192E-2
108,432;7,193E-2
108,465;7,146E-2
108,499;7,163E-2
108,532;7,161E-2
108,566;7,149E-2
108,599;7,129E-2
108,632;7,159E-2
108,666;7,134E-2
108,699;7,147E-2
108,732;7,136E-2
108,766;7,133E-2
108,799;7,140E-2
108,833;7,115E-2
108,866;7,078E-2
108,899;7,063E-2
108,933;7,041E-2
108,966;7,030E-2
108,999;7,022E-2
109,033;7,037E-2
109,066;7,017E-2
109,100;7,021E-2
109,133;7,004E-2
109,166;6,983E-2
109,200;6,962E-2
109,233;6,943E-2
109,266;6,910E-2
109,300;6,914E-2
109,333;6,891E-2
109,367;6,894E-2
109,400;6,885E-2
