;massa A;
t;x;
0,000;0,133
0,033;0,133
0,067;0,133
0,100;0,133
0,133;0,133
0,167;0,132
0,200;0,132
0,234;0,132
0,267;0,132
0,300;0,132
0,334;0,132
0,367;0,131
0,400;0,131
0,434;0,131
0,467;0,130
0,501;0,130
0,534;0,130
0,567;0,130
0,601;0,130
0,634;0,130
0,667;0,130
0,701;0,129
0,734;0,129
0,768;0,129
0,801;0,129
0,834;0,129
0,868;0,128
0,901;0,128
0,934;0,128
0,968;0,127
1,001;0,127
1,035;0,127
1,068;0,126
1,101;0,126
1,135;0,125
1,168;0,125
1,201;0,124
1,235;0,124
1,268;0,123
1,302;0,123
1,335;0,123
1,368;0,122
1,402;0,122
1,435;0,121
1,468;0,121
1,502;0,121
1,535;0,120
1,569;0,119
1,602;0,119
1,635;0,118
1,669;0,118
1,702;0,117
1,735;0,117
1,769;0,116
1,802;0,116
1,836;0,115
1,869;0,114
1,902;0,114
1,936;0,114
1,969;0,113
2,002;0,112
2,036;0,112
2,069;0,111
2,103;0,110
2,136;0,108
2,169;0,108
2,203;0,108
2,236;0,108
2,269;0,107
2,303;0,107
2,336;0,106
2,370;0,105
2,403;0,105
2,436;0,104
2,470;0,103
2,503;0,103
2,536;0,101
2,570;0,101
2,603;9,978E-2
2,637;9,935E-2
2,670;9,895E-2
2,703;9,812E-2
2,737;9,797E-2
2,770;9,715E-2
2,803;9,608E-2
2,837;9,530E-2
2,870;9,414E-2
2,904;9,339E-2
2,937;9,266E-2
2,970;9,174E-2
3,004;9,119E-2
3,037;9,031E-2
3,070;8,934E-2
3,104;8,840E-2
3,137;8,785E-2
3,171;8,756E-2
3,204;8,641E-2
3,237;8,538E-2
3,271;8,437E-2
3,304;8,304E-2
3,337;8,282E-2
3,371;8,166E-2
3,404;8,097E-2
3,438;8,027E-2
3,471;7,895E-2
3,504;7,790E-2
3,538;7,708E-2
3,571;7,661E-2
3,604;7,526E-2
3,638;7,413E-2
3,671;7,352E-2
3,705;7,266E-2
3,738;7,175E-2
3,771;7,065E-2
3,805;6,967E-2
3,838;6,931E-2
3,871;6,837E-2
3,905;6,725E-2
3,938;6,608E-2
3,972;6,509E-2
4,005;6,348E-2
4,038;6,289E-2
4,072;6,155E-2
4,105;6,080E-2
4,138;5,973E-2
4,172;5,865E-2
4,205;5,792E-2
4,238;5,687E-2
4,272;5,598E-2
4,305;5,481E-2
4,339;5,403E-2
4,372;5,331E-2
4,405;5,218E-2
4,439;5,123E-2
4,472;5,024E-2
4,505;4,908E-2
4,539;4,870E-2
4,572;4,786E-2
4,606;4,708E-2
4,639;4,579E-2
4,672;4,467E-2
4,706;4,361E-2
4,739;4,267E-2
4,772;4,154E-2
4,806;4,025E-2
4,839;3,936E-2
4,873;3,855E-2
4,906;3,782E-2
4,939;3,616E-2
4,973;3,564E-2
5,006;3,467E-2
5,039;3,359E-2
5,073;3,287E-2
5,106;3,191E-2
5,140;3,085E-2
5,173;2,952E-2
5,206;2,865E-2
5,240;2,746E-2
5,273;2,653E-2
5,306;2,561E-2
5,340;2,328E-2
5,373;2,245E-2
5,407;2,151E-2
5,440;1,998E-2
5,473;1,949E-2
5,507;1,845E-2
5,540;1,725E-2
5,573;1,577E-2
5,607;1,501E-2
5,640;1,374E-2
5,674;1,251E-2
5,707;1,153E-2
5,740;1,086E-2
5,774;9,900E-3
5,807;8,845E-3
5,840;7,653E-3
5,874;6,555E-3
5,907;5,202E-3
5,941;4,116E-3
5,974;3,749E-3
6,007;2,884E-3
6,041;1,946E-3
6,074;7,595E-4
6,107;-3,571E-4
6,141;-1,437E-3
6,174;-2,524E-3
6,208;-3,451E-3
6,241;-4,553E-3
6,274;-5,520E-3
6,308;-6,462E-3
6,341;-7,634E-3
6,374;-8,618E-3
6,408;-9,364E-3
6,441;-1,027E-2
6,475;-1,148E-2
6,508;-1,243E-2
6,541;-1,294E-2
6,575;-1,390E-2
6,608;-1,494E-2
6,641;-1,599E-2
6,675;-1,728E-2
6,708;-1,837E-2
6,742;-1,922E-2
6,775;-2,024E-2
6,808;-2,157E-2
6,842;-2,247E-2
6,875;-2,373E-2
6,908;-2,462E-2
6,942;-2,516E-2
6,975;-2,617E-2
7,009;-2,721E-2
7,042;-2,821E-2
7,075;-2,982E-2
7,109;-3,068E-2
7,142;-3,117E-2
7,175;-3,214E-2
7,209;-3,297E-2
7,242;-3,409E-2
7,276;-3,487E-2
7,309;-3,589E-2
7,342;-3,683E-2
7,376;-3,770E-2
7,409;-3,868E-2
7,442;-3,936E-2
7,476;-4,063E-2
7,509;-4,178E-2
7,543;-4,232E-2
7,576;-4,313E-2
7,609;-4,396E-2
7,643;-4,539E-2
7,676;-4,604E-2
7,709;-4,707E-2
7,743;-4,787E-2
7,776;-4,877E-2
7,810;-4,961E-2
7,843;-5,045E-2
7,876;-5,127E-2
7,910;-5,237E-2
7,943;-5,278E-2
7,976;-5,372E-2
8,010;-5,457E-2
8,043;-5,554E-2
8,076;-5,624E-2
8,110;-5,702E-2
8,143;-5,793E-2
8,177;-5,873E-2
8,210;-5,921E-2
8,243;-6,004E-2
8,277;-6,098E-2
8,310;-6,158E-2
8,343;-6,233E-2
8,377;-6,313E-2
8,410;-6,394E-2
8,444;-6,472E-2
8,477;-6,519E-2
8,510;-6,576E-2
8,544;-6,704E-2
8,577;-6,754E-2
8,610;-6,807E-2
8,644;-6,902E-2
8,677;-6,946E-2
8,711;-7,016E-2
8,744;-7,097E-2
8,777;-7,147E-2
8,811;-7,244E-2
8,844;-7,288E-2
8,877;-7,373E-2
8,911;-7,409E-2
8,944;-7,487E-2
8,978;-7,525E-2
9,011;-7,623E-2
9,044;-7,666E-2
9,078;-7,728E-2
9,111;-7,775E-2
9,144;-7,846E-2
9,178;-7,913E-2
9,211;-7,996E-2
9,245;-8,021E-2
9,278;-8,093E-2
9,311;-8,148E-2
9,345;-8,167E-2
9,378;-8,218E-2
9,411;-8,270E-2
9,445;-8,328E-2
9,478;-8,376E-2
9,512;-8,421E-2
9,545;-8,444E-2
9,578;-8,483E-2
9,612;-8,575E-2
9,645;-8,614E-2
9,678;-8,656E-2
9,712;-8,695E-2
9,745;-8,744E-2
9,779;-8,791E-2
9,812;-8,828E-2
9,845;-8,872E-2
9,879;-8,937E-2
9,912;-8,945E-2
9,945;-9,002E-2
9,979;-9,049E-2
10,012;-9,088E-2
10,046;-9,111E-2
10,079;-9,155E-2
10,112;-9,186E-2
10,146;-9,243E-2
10,179;-9,271E-2
10,212;-9,305E-2
10,246;-9,331E-2
10,279;-9,367E-2
10,313;-9,390E-2
10,346;-9,417E-2
10,379;-9,434E-2
10,413;-9,487E-2
10,446;-9,508E-2
10,479;-9,525E-2
10,513;-9,547E-2
10,546;-9,596E-2
10,580;-9,604E-2
10,613;-9,629E-2
10,646;-9,646E-2
10,680;-9,670E-2
10,713;-9,696E-2
10,746;-9,708E-2
10,780;-9,715E-2
10,813;-9,733E-2
10,847;-9,755E-2
10,880;-9,764E-2
10,913;-9,788E-2
10,947;-9,832E-2
10,980;-9,840E-2
11,013;-9,852E-2
11,047;-9,870E-2
11,080;-9,871E-2
11,114;-9,872E-2
11,147;-9,884E-2
11,180;-9,897E-2
11,214;-9,899E-2
11,247;-9,902E-2
11,280;-9,905E-2
11,314;-9,909E-2
11,347;-9,921E-2
11,381;-9,933E-2
11,414;-9,933E-2
11,447;-9,948E-2
11,481;-9,943E-2
11,514;-9,940E-2
11,547;-9,946E-2
11,581;-9,945E-2
11,614;-9,940E-2
11,648;-9,945E-2
11,681;-9,939E-2
11,714;-9,940E-2
11,748;-9,941E-2
11,781;-9,942E-2
11,814;-9,928E-2
11,848;-9,931E-2
11,881;-9,924E-2
11,915;-9,924E-2
11,948;-9,911E-2
11,981;-9,914E-2
12,015;-9,892E-2
12,048;-9,868E-2
12,081;-9,851E-2
12,115;-9,851E-2
12,148;-9,842E-2
12,181;-9,810E-2
12,215;-9,803E-2
12,248;-9,788E-2
12,282;-9,764E-2
12,315;-9,737E-2
12,348;-9,733E-2
12,382;-9,726E-2
12,415;-9,673E-2
12,448;-9,649E-2
12,482;-9,619E-2
12,515;-9,602E-2
12,549;-9,589E-2
12,582;-9,534E-2
12,615;-9,502E-2
12,649;-9,473E-2
12,682;-9,444E-2
12,715;-9,400E-2
12,749;-9,367E-2
12,782;-9,342E-2
12,816;-9,322E-2
12,849;-9,286E-2
12,882;-9,239E-2
12,916;-9,209E-2
12,949;-9,169E-2
12,982;-9,120E-2
13,016;-9,072E-2
13,049;-9,039E-2
13,083;-9,001E-2
13,116;-8,967E-2
13,149;-8,897E-2
13,183;-8,868E-2
13,216;-8,840E-2
13,249;-8,793E-2
13,283;-8,728E-2
13,316;-8,663E-2
13,350;-8,633E-2
13,383;-8,610E-2
13,416;-8,528E-2
13,450;-8,484E-2
13,483;-8,426E-2
13,516;-8,376E-2
13,550;-8,338E-2
13,583;-8,264E-2
13,617;-8,252E-2
13,650;-8,204E-2
13,683;-8,136E-2
13,717;-8,082E-2
13,750;-8,037E-2
13,783;-7,987E-2
13,817;-7,902E-2
13,850;-7,858E-2
13,884;-7,786E-2
13,917;-7,715E-2
13,950;-7,648E-2
13,984;-7,591E-2
14,017;-7,537E-2
14,050;-7,445E-2
14,084;-7,462E-2
14,117;-7,400E-2
14,151;-7,353E-2
14,184;-7,298E-2
14,217;-7,204E-2
14,251;-7,141E-2
14,284;-7,057E-2
14,317;-6,992E-2
14,351;-6,937E-2
14,384;-6,858E-2
14,418;-6,799E-2
14,451;-6,719E-2
14,484;-6,715E-2
14,518;-6,665E-2
14,551;-6,564E-2
14,584;-6,505E-2
14,618;-6,416E-2
14,651;-6,338E-2
14,685;-6,289E-2
14,718;-6,208E-2
14,751;-6,138E-2
14,785;-6,063E-2
14,818;-5,995E-2
14,851;-5,902E-2
14,885;-5,811E-2
14,918;-5,745E-2
14,952;-5,663E-2
14,985;-5,639E-2
15,018;-5,572E-2
15,052;-5,487E-2
15,085;-5,411E-2
15,118;-5,317E-2
15,152;-5,233E-2
15,185;-5,123E-2
15,219;-5,030E-2
15,252;-4,945E-2
15,285;-4,895E-2
15,319;-4,815E-2
15,352;-4,785E-2
15,385;-4,706E-2
15,419;-4,600E-2
15,452;-4,532E-2
15,486;-4,447E-2
15,519;-4,375E-2
15,552;-4,302E-2
15,586;-4,205E-2
15,619;-4,124E-2
15,652;-4,030E-2
15,686;-3,947E-2
15,719;-3,832E-2
15,753;-3,774E-2
15,786;-3,678E-2
15,819;-3,594E-2
15,853;-3,502E-2
15,886;-3,441E-2
15,919;-3,340E-2
15,953;-3,252E-2
15,986;-3,150E-2
16,020;-3,027E-2
16,053;-2,948E-2
16,086;-2,859E-2
16,120;-2,784E-2
16,153;-2,704E-2
16,186;-2,591E-2
16,220;-2,492E-2
16,253;-2,399E-2
16,286;-2,360E-2
16,320;-2,253E-2
16,353;-2,178E-2
16,387;-2,104E-2
16,420;-2,008E-2
16,453;-1,908E-2
16,487;-1,814E-2
16,520;-1,732E-2
16,553;-1,624E-2
16,587;-1,544E-2
16,620;-1,459E-2
16,654;-1,364E-2
16,687;-1,265E-2
16,720;-1,169E-2
16,754;-1,081E-2
16,787;-9,936E-3
16,820;-8,853E-3
16,854;-7,883E-3
16,887;-6,870E-3
16,921;-5,982E-3
16,954;-5,133E-3
16,987;-4,177E-3
17,021;-3,368E-3
17,054;-2,396E-3
17,087;-1,474E-3
17,121;-4,096E-4
17,154;7,222E-4
17,188;1,670E-3
17,221;2,364E-3
17,254;3,439E-3
17,288;4,354E-3
17,321;5,375E-3
17,354;6,233E-3
17,388;7,255E-3
17,421;8,349E-3
17,455;9,321E-3
17,488;1,008E-2
17,521;1,102E-2
17,555;1,197E-2
17,588;1,291E-2
17,621;1,389E-2
17,655;1,468E-2
17,688;1,578E-2
17,722;1,667E-2
17,755;1,768E-2
17,788;1,862E-2
17,822;1,954E-2
17,855;2,046E-2
17,888;2,140E-2
17,922;2,238E-2
17,955;2,320E-2
17,989;2,417E-2
18,022;2,509E-2
18,055;2,590E-2
18,089;2,678E-2
18,122;2,773E-2
18,155;2,868E-2
18,189;2,965E-2
18,222;3,048E-2
18,256;3,140E-2
18,289;3,229E-2
18,322;3,315E-2
18,356;3,408E-2
18,389;3,490E-2
18,422;3,593E-2
18,456;3,678E-2
18,489;3,772E-2
18,523;3,851E-2
18,556;3,951E-2
18,589;4,032E-2
18,623;4,135E-2
18,656;4,216E-2
18,689;4,297E-2
18,723;4,394E-2
18,756;4,490E-2
18,790;4,574E-2
18,823;4,646E-2
18,856;4,747E-2
18,890;4,826E-2
18,923;4,908E-2
18,956;5,003E-2
18,990;5,081E-2
19,023;5,181E-2
19,057;5,260E-2
19,090;5,341E-2
19,123;5,433E-2
19,157;5,522E-2
19,190;5,610E-2
19,223;5,688E-2
19,257;5,769E-2
19,290;5,863E-2
19,324;5,934E-2
19,357;6,026E-2
19,390;6,109E-2
19,424;6,184E-2
19,457;6,274E-2
19,490;6,358E-2
19,524;6,432E-2
19,557;6,527E-2
19,591;6,602E-2
19,624;6,676E-2
19,657;6,769E-2
19,691;6,841E-2
19,724;6,915E-2
19,757;6,994E-2
19,791;7,082E-2
19,824;7,151E-2
19,858;7,227E-2
19,891;7,302E-2
19,924;7,390E-2
19,958;7,460E-2
19,991;7,528E-2
20,024;7,594E-2
20,058;7,667E-2
20,091;7,741E-2
20,124;7,822E-2
20,158;7,892E-2
20,191;7,964E-2
20,225;8,024E-2
20,258;8,086E-2
20,291;8,161E-2
20,325;8,235E-2
20,358;8,305E-2
20,391;8,377E-2
20,425;8,438E-2
20,458;8,508E-2
20,492;8,570E-2
20,525;8,631E-2
20,558;8,700E-2
20,592;8,757E-2
20,625;8,819E-2
20,658;8,875E-2
20,692;8,936E-2
20,725;8,994E-2
20,759;9,057E-2
20,792;9,115E-2
20,825;9,178E-2
20,859;9,235E-2
20,892;9,297E-2
20,925;9,354E-2
20,959;9,411E-2
20,992;9,468E-2
21,026;9,533E-2
21,059;9,586E-2
21,092;9,654E-2
21,126;9,702E-2
21,159;9,767E-2
21,192;9,826E-2
21,226;9,876E-2
21,259;9,935E-2
21,293;9,992E-2
21,326;0,100
21,359;0,101
21,393;0,102
21,426;0,102
21,459;0,102
21,493;0,103
21,526;0,104
21,560;0,104
21,593;0,104
21,626;0,105
21,660;0,105
21,693;0,106
21,726;0,106
21,760;0,107
21,793;0,107
21,827;0,107
21,860;0,108
21,893;0,108
21,927;0,109
21,960;0,109
21,993;0,109
22,027;0,110
22,060;0,110
22,094;0,110
22,127;0,111
22,160;0,111
22,194;0,111
22,227;0,112
22,260;0,112
22,294;0,112
22,327;0,112
22,361;0,113
22,394;0,113
22,427;0,113
22,461;0,114
22,494;0,114
22,527;0,114
22,561;0,114
22,594;0,114
22,628;0,115
22,661;0,115
22,694;0,115
22,728;0,115
22,761;0,115
22,794;0,116
22,828;0,116
22,861;0,116
22,895;0,116
22,928;0,116
22,961;0,116
22,995;0,116
23,028;0,116
23,061;0,117
23,095;0,117
23,128;0,117
23,162;0,117
23,195;0,117
23,228;0,117
23,262;0,117
23,295;0,117
23,328;0,117
23,362;0,117
23,395;0,117
23,429;0,117
23,462;0,117
23,495;0,117
23,529;0,117
23,562;0,117
23,595;0,117
23,629;0,117
23,662;0,117
23,696;0,117
23,729;0,117
23,762;0,117
23,796;0,117
23,829;0,117
23,862;0,117
23,896;0,117
23,929;0,117
23,963;0,117
23,996;0,117
24,029;0,117
24,063;0,117
24,096;0,117
24,129;0,117
24,163;0,116
24,196;0,116
24,229;0,116
24,263;0,116
24,296;0,116
24,330;0,116
24,363;0,115
24,396;0,115
24,430;0,115
24,463;0,115
24,496;0,115
24,530;0,114
24,563;0,114
24,597;0,114
24,630;0,114
24,663;0,113
24,697;0,113
24,730;0,113
24,763;0,112
24,797;0,112
24,830;0,112
24,864;0,111
24,897;0,111
24,930;0,111
24,964;0,110
24,997;0,110
25,030;0,110
25,064;0,109
25,097;0,109
25,131;0,109
25,164;0,108
25,197;0,108
25,231;0,108
25,264;0,107
25,297;0,107
25,331;0,106
25,364;0,106
25,398;0,105
25,431;0,105
25,464;0,105
25,498;0,104
25,531;0,104
25,564;0,103
25,598;0,103
25,631;0,102
25,665;0,102
25,698;0,101
25,731;0,101
25,765;9,996E-2
25,798;9,958E-2
25,831;9,896E-2
25,865;9,853E-2
25,898;9,784E-2
25,932;9,738E-2
25,965;9,668E-2
25,998;9,608E-2
26,032;9,554E-2
26,065;9,492E-2
26,098;9,434E-2
26,132;9,369E-2
26,165;9,302E-2
26,199;9,237E-2
26,232;9,173E-2
26,265;9,113E-2
26,299;9,055E-2
26,332;8,990E-2
26,365;8,926E-2
26,399;8,865E-2
26,432;8,793E-2
26,466;8,738E-2
26,499;8,669E-2
26,532;8,608E-2
26,566;8,535E-2
26,599;8,477E-2
26,632;8,421E-2
26,666;8,361E-2
26,699;8,295E-2
26,733;8,230E-2
26,766;8,163E-2
26,799;8,106E-2
26,833;8,031E-2
26,866;7,967E-2
26,899;7,904E-2
26,933;7,834E-2
26,966;7,769E-2
27,000;7,691E-2
27,033;7,631E-2
27,066;7,554E-2
27,100;7,480E-2
27,133;7,413E-2
27,166;7,352E-2
27,200;7,280E-2
27,233;7,207E-2
27,267;7,129E-2
27,300;7,065E-2
27,333;6,992E-2
27,367;6,923E-2
27,400;6,851E-2
27,433;6,771E-2
27,467;6,696E-2
27,500;6,624E-2
27,534;6,543E-2
27,567;6,473E-2
27,600;6,389E-2
27,634;6,303E-2
27,667;6,231E-2
27,700;6,151E-2
27,734;6,078E-2
27,767;6,004E-2
27,801;5,924E-2
27,834;5,836E-2
27,867;5,760E-2
27,901;5,697E-2
27,934;5,616E-2
27,967;5,533E-2
28,001;5,459E-2
28,034;5,385E-2
28,068;5,299E-2
28,101;5,215E-2
28,134;5,136E-2
28,168;5,052E-2
28,201;4,955E-2
28,234;4,888E-2
28,268;4,809E-2
28,301;4,724E-2
28,334;4,634E-2
28,368;4,558E-2
28,401;4,471E-2
28,435;4,393E-2
28,468;4,305E-2
28,501;4,223E-2
28,535;4,154E-2
28,568;4,055E-2
28,601;3,970E-2
28,635;3,885E-2
28,668;3,806E-2
28,702;3,720E-2
28,735;3,632E-2
28,768;3,551E-2
28,802;3,465E-2
28,835;3,388E-2
28,868;3,295E-2
28,902;3,220E-2
28,935;3,107E-2
28,969;3,039E-2
29,002;2,943E-2
29,035;2,859E-2
29,069;2,769E-2
29,102;2,697E-2
29,135;2,603E-2
29,169;2,522E-2
29,202;2,433E-2
29,236;2,345E-2
29,269;2,250E-2
29,302;2,156E-2
29,336;2,069E-2
29,369;1,998E-2
29,402;1,906E-2
29,436;1,818E-2
29,469;1,728E-2
29,503;1,642E-2
29,536;1,561E-2
29,569;1,469E-2
29,603;1,377E-2
29,636;1,300E-2
29,669;1,202E-2
29,703;1,125E-2
29,736;1,046E-2
29,770;9,447E-3
29,803;8,613E-3
29,836;7,752E-3
29,870;6,890E-3
29,903;6,053E-3
29,936;5,139E-3
29,970;4,294E-3
30,003;3,345E-3
30,037;2,333E-3
30,070;1,434E-3
30,103;6,166E-4
30,137;-2,635E-4
30,170;-1,035E-3
30,203;-2,171E-3
30,237;-2,913E-3
30,270;-3,818E-3
30,304;-4,734E-3
30,337;-5,712E-3
30,370;-6,523E-3
30,404;-7,799E-3
30,437;-8,575E-3
30,470;-9,478E-3
30,504;-1,051E-2
30,537;-1,149E-2
30,571;-1,224E-2
30,604;-1,326E-2
30,637;-1,425E-2
30,671;-1,511E-2
30,704;-1,598E-2
30,737;-1,719E-2
30,771;-1,789E-2
30,804;-1,881E-2
30,838;-1,959E-2
30,871;-2,063E-2
30,904;-2,135E-2
30,938;-2,215E-2
30,971;-2,335E-2
31,004;-2,421E-2
31,038;-2,499E-2
31,071;-2,582E-2
31,105;-2,652E-2
31,138;-2,725E-2
31,171;-2,825E-2
31,205;-2,939E-2
31,238;-2,990E-2
31,271;-3,078E-2
31,305;-3,177E-2
31,338;-3,253E-2
31,372;-3,332E-2
31,405;-3,439E-2
31,438;-3,558E-2
31,472;-3,606E-2
31,505;-3,712E-2
31,538;-3,834E-2
31,572;-3,867E-2
31,605;-3,954E-2
31,639;-4,041E-2
31,672;-4,107E-2
31,705;-4,175E-2
31,739;-4,270E-2
31,772;-4,360E-2
31,805;-4,438E-2
31,839;-4,458E-2
31,872;-4,551E-2
31,906;-4,609E-2
31,939;-4,724E-2
31,972;-4,771E-2
32,006;-4,833E-2
32,039;-4,952E-2
32,072;-5,010E-2
32,106;-5,092E-2
32,139;-5,181E-2
32,172;-5,223E-2
32,206;-5,238E-2
32,239;-5,334E-2
32,273;-5,425E-2
32,306;-5,525E-2
32,339;-5,587E-2
32,373;-5,634E-2
32,406;-5,687E-2
32,439;-5,733E-2
32,473;-5,820E-2
32,506;-5,864E-2
32,540;-5,929E-2
32,573;-5,975E-2
32,606;-6,041E-2
32,640;-6,092E-2
32,673;-6,168E-2
32,706;-6,236E-2
32,740;-6,292E-2
32,773;-6,351E-2
32,807;-6,412E-2
32,840;-6,494E-2
32,873;-6,530E-2
32,907;-6,567E-2
32,940;-6,606E-2
32,973;-6,667E-2
33,007;-6,718E-2
33,040;-6,779E-2
33,074;-6,812E-2
33,107;-6,879E-2
33,140;-6,911E-2
33,174;-6,985E-2
33,207;-7,036E-2
33,240;-7,090E-2
33,274;-7,125E-2
33,307;-7,165E-2
33,341;-7,209E-2
33,374;-7,278E-2
33,407;-7,307E-2
33,441;-7,362E-2
33,474;-7,394E-2
33,507;-7,440E-2
33,541;-7,461E-2
33,574;-7,522E-2
33,608;-7,553E-2
33,641;-7,607E-2
33,674;-7,641E-2
33,708;-7,671E-2
33,741;-7,698E-2
33,774;-7,756E-2
33,808;-7,770E-2
33,841;-7,809E-2
33,875;-7,843E-2
33,908;-7,885E-2
33,941;-7,919E-2
33,975;-7,932E-2
34,008;-7,969E-2
34,041;-7,980E-2
34,075;-8,018E-2
34,108;-8,038E-2
34,142;-8,076E-2
34,175;-8,136E-2
34,208;-8,146E-2
34,242;-8,166E-2
34,275;-8,190E-2
34,308;-8,230E-2
34,342;-8,253E-2
34,375;-8,266E-2
34,409;-8,285E-2
34,442;-8,331E-2
34,475;-8,340E-2
34,509;-8,373E-2
34,542;-8,371E-2
34,575;-8,390E-2
34,609;-8,402E-2
34,642;-8,420E-2
34,676;-8,419E-2
34,709;-8,469E-2
34,742;-8,478E-2
34,776;-8,498E-2
34,809;-8,510E-2
34,842;-8,511E-2
34,876;-8,517E-2
34,909;-8,527E-2
34,943;-8,530E-2
34,976;-8,556E-2
35,009;-8,550E-2
35,043;-8,553E-2
35,076;-8,559E-2
35,109;-8,579E-2
35,143;-8,583E-2
35,176;-8,589E-2
35,210;-8,590E-2
35,243;-8,625E-2
35,276;-8,630E-2
35,310;-8,631E-2
35,343;-8,632E-2
35,376;-8,639E-2
35,410;-8,639E-2
35,443;-8,639E-2
35,477;-8,638E-2
35,510;-8,637E-2
35,543;-8,639E-2
35,577;-8,639E-2
35,610;-8,638E-2
35,643;-8,625E-2
35,677;-8,628E-2
35,710;-8,619E-2
35,744;-8,622E-2
35,777;-8,619E-2
35,810;-8,609E-2
35,844;-8,581E-2
35,877;-8,561E-2
35,910;-8,540E-2
35,944;-8,512E-2
35,977;-8,511E-2
36,011;-8,505E-2
36,044;-8,506E-2
36,077;-8,500E-2
36,111;-8,484E-2
36,144;-8,465E-2
36,177;-8,445E-2
36,211;-8,430E-2
36,244;-8,393E-2
36,277;-8,389E-2
36,311;-8,377E-2
36,344;-8,344E-2
36,378;-8,325E-2
36,411;-8,291E-2
36,444;-8,261E-2
36,478;-8,245E-2
36,511;-8,203E-2
36,544;-8,190E-2
36,578;-8,159E-2
36,611;-8,128E-2
36,645;-8,102E-2
36,678;-8,078E-2
36,711;-8,047E-2
36,745;-8,016E-2
36,778;-8,005E-2
36,811;-7,985E-2
36,845;-7,918E-2
36,878;-7,885E-2
36,912;-7,854E-2
36,945;-7,805E-2
36,978;-7,769E-2
37,012;-7,740E-2
37,045;-7,711E-2
37,078;-7,652E-2
37,112;-7,637E-2
37,145;-7,598E-2
37,179;-7,538E-2
37,212;-7,518E-2
37,245;-7,468E-2
37,279;-7,419E-2
37,312;-7,376E-2
37,345;-7,315E-2
37,379;-7,285E-2
37,412;-7,248E-2
37,446;-7,179E-2
37,479;-7,133E-2
37,512;-7,105E-2
37,546;-7,018E-2
37,579;-6,993E-2
37,612;-6,935E-2
37,646;-6,899E-2
37,679;-6,851E-2
37,713;-6,795E-2
37,746;-6,747E-2
37,779;-6,691E-2
37,813;-6,646E-2
37,846;-6,587E-2
37,879;-6,535E-2
37,913;-6,502E-2
37,946;-6,433E-2
37,980;-6,381E-2
38,013;-6,317E-2
38,046;-6,269E-2
38,080;-6,201E-2
38,113;-6,148E-2
38,146;-6,116E-2
38,180;-6,041E-2
38,213;-5,998E-2
38,247;-5,932E-2
38,280;-5,863E-2
38,313;-5,811E-2
38,347;-5,764E-2
38,380;-5,690E-2
38,413;-5,622E-2
38,447;-5,531E-2
38,480;-5,439E-2
38,514;-5,393E-2
38,547;-5,323E-2
38,580;-5,276E-2
38,614;-5,192E-2
38,647;-5,185E-2
38,680;-5,105E-2
38,714;-5,056E-2
38,747;-4,976E-2
38,781;-4,901E-2
38,814;-4,816E-2
38,847;-4,784E-2
38,881;-4,705E-2
38,914;-4,647E-2
38,947;-4,576E-2
38,981;-4,517E-2
39,014;-4,449E-2
39,048;-4,405E-2
39,081;-4,330E-2
39,114;-4,266E-2
39,148;-4,192E-2
39,181;-4,135E-2
39,214;-4,063E-2
39,248;-3,998E-2
39,281;-3,914E-2
39,315;-3,879E-2
39,348;-3,795E-2
39,381;-3,727E-2
39,415;-3,654E-2
39,448;-3,588E-2
39,481;-3,507E-2
39,515;-3,420E-2
39,548;-3,339E-2
39,582;-3,285E-2
39,615;-3,215E-2
39,648;-3,133E-2
39,682;-3,065E-2
39,715;-2,973E-2
39,748;-2,882E-2
39,782;-2,845E-2
39,815;-2,740E-2
39,849;-2,651E-2
39,882;-2,602E-2
39,915;-2,508E-2
39,949;-2,433E-2
39,982;-2,362E-2
40,015;-2,279E-2
40,049;-2,231E-2
40,082;-2,134E-2
40,116;-2,082E-2
40,149;-1,992E-2
40,182;-1,902E-2
40,216;-1,823E-2
40,249;-1,745E-2
40,282;-1,656E-2
40,316;-1,612E-2
40,349;-1,505E-2
40,382;-1,418E-2
40,416;-1,343E-2
40,449;-1,250E-2
40,483;-1,171E-2
40,516;-1,085E-2
40,549;-1,011E-2
40,583;-9,165E-3
40,616;-8,254E-3
40,649;-7,530E-3
40,683;-6,507E-3
40,716;-5,745E-3
40,750;-5,121E-3
40,783;-3,963E-3
40,816;-2,987E-3
40,850;-2,607E-3
40,883;-1,468E-3
40,916;-5,584E-4
40,950;2,572E-4
40,983;1,168E-3
41,017;2,068E-3
41,050;2,836E-3
41,083;3,627E-3
41,117;4,573E-3
41,150;5,269E-3
41,183;6,144E-3
41,217;6,990E-3
41,250;7,912E-3
41,284;8,790E-3
41,317;9,546E-3
41,350;1,024E-2
41,384;1,101E-2
41,417;1,187E-2
41,450;1,263E-2
41,484;1,352E-2
41,517;1,423E-2
41,551;1,505E-2
41,584;1,588E-2
41,617;1,670E-2
41,651;1,753E-2
41,684;1,832E-2
41,717;1,911E-2
41,751;1,998E-2
41,784;2,072E-2
41,818;2,156E-2
41,851;2,240E-2
41,884;2,315E-2
41,918;2,396E-2
41,951;2,472E-2
41,984;2,556E-2
42,018;2,639E-2
42,051;2,704E-2
42,085;2,796E-2
42,118;2,869E-2
42,151;2,955E-2
42,185;3,035E-2
42,218;3,118E-2
42,251;3,200E-2
42,285;3,282E-2
42,318;3,353E-2
42,352;3,437E-2
42,385;3,517E-2
42,418;3,600E-2
42,452;3,671E-2
42,485;3,754E-2
42,518;3,834E-2
42,552;3,907E-2
42,585;4,003E-2
42,619;4,055E-2
42,652;4,154E-2
42,685;4,233E-2
42,719;4,296E-2
42,752;4,394E-2
42,785;4,463E-2
42,819;4,524E-2
42,852;4,612E-2
42,886;4,692E-2
42,919;4,763E-2
42,952;4,839E-2
42,986;4,919E-2
43,019;5,000E-2
43,052;5,075E-2
43,086;5,142E-2
43,119;5,218E-2
43,153;5,305E-2
43,186;5,369E-2
43,219;5,442E-2
43,253;5,506E-2
43,286;5,577E-2
43,319;5,660E-2
43,353;5,734E-2
43,386;5,799E-2
43,420;5,868E-2
43,453;5,930E-2
43,486;5,997E-2
43,520;6,062E-2
43,553;6,148E-2
43,586;6,223E-2
43,620;6,294E-2
43,653;6,350E-2
43,687;6,422E-2
43,720;6,482E-2
43,753;6,550E-2
43,787;6,609E-2
43,820;6,674E-2
43,853;6,732E-2
43,887;6,795E-2
43,920;6,856E-2
43,954;6,917E-2
43,987;6,981E-2
44,020;7,036E-2
44,054;7,097E-2
44,087;7,158E-2
44,120;7,219E-2
44,154;7,281E-2
44,187;7,341E-2
44,220;7,402E-2
44,254;7,459E-2
44,287;7,521E-2
44,321;7,574E-2
44,354;7,636E-2
44,387;7,699E-2
44,421;7,761E-2
44,454;7,813E-2
44,487;7,876E-2
44,521;7,932E-2
44,554;7,997E-2
44,588;8,050E-2
44,621;8,111E-2
44,654;8,170E-2
44,688;8,222E-2
44,721;8,287E-2
44,754;8,339E-2
44,788;8,405E-2
44,821;8,452E-2
44,855;8,509E-2
44,888;8,555E-2
44,921;8,599E-2
44,955;8,666E-2
44,988;8,700E-2
45,021;8,751E-2
45,055;8,797E-2
45,088;8,845E-2
45,122;8,883E-2
45,155;8,935E-2
45,188;8,981E-2
45,222;9,008E-2
45,255;9,059E-2
45,288;9,108E-2
45,322;9,148E-2
45,355;9,185E-2
45,389;9,233E-2
45,422;9,270E-2
45,455;9,309E-2
45,489;9,359E-2
45,522;9,389E-2
45,555;9,432E-2
45,589;9,465E-2
45,622;9,498E-2
45,656;9,531E-2
45,689;9,569E-2
45,722;9,615E-2
45,756;9,641E-2
45,789;9,675E-2
45,822;9,708E-2
45,856;9,737E-2
45,889;9,776E-2
45,923;9,799E-2
45,956;9,826E-2
45,989;9,862E-2
46,023;9,890E-2
46,056;9,913E-2
46,089;9,934E-2
46,123;9,969E-2
46,156;9,993E-2
46,190;0,100
46,223;0,100
46,256;0,101
46,290;0,101
46,323;0,101
46,356;0,101
46,390;0,102
46,423;0,102
46,457;0,102
46,490;0,102
46,523;0,102
46,557;0,102
46,590;0,103
46,623;0,103
46,657;0,103
46,690;0,103
46,724;0,103
46,757;0,103
46,790;0,103
46,824;0,103
46,857;0,103
46,890;0,104
46,924;0,104
46,957;0,104
46,991;0,104
47,024;0,104
47,057;0,104
47,091;0,104
47,124;0,104
47,157;0,104
47,191;0,104
47,224;0,104
47,258;0,104
47,291;0,104
47,324;0,104
47,358;0,104
47,391;0,104
47,424;0,104
47,458;0,104
47,491;0,104
47,525;0,104
47,558;0,104
47,591;0,104
47,625;0,104
47,658;0,104
47,691;0,104
47,725;0,104
47,758;0,104
47,792;0,104
47,825;0,104
47,858;0,104
47,892;0,104
47,925;0,103
47,958;0,103
47,992;0,103
48,025;0,103
48,059;0,103
48,092;0,103
48,125;0,103
48,159;0,102
48,192;0,102
48,225;0,102
48,259;0,102
48,292;0,102
48,325;0,101
48,359;0,101
48,392;0,101
48,426;0,101
48,459;0,100
48,492;0,100
48,526;9,996E-2
48,559;9,981E-2
48,592;9,948E-2
48,626;9,923E-2
48,659;9,895E-2
48,693;9,865E-2
48,726;9,831E-2
48,759;9,800E-2
48,793;9,762E-2
48,826;9,744E-2
48,859;9,697E-2
48,893;9,671E-2
48,926;9,627E-2
48,960;9,608E-2
48,993;9,573E-2
49,026;9,542E-2
49,060;9,509E-2
49,093;9,467E-2
49,126;9,425E-2
49,160;9,385E-2
49,193;9,345E-2
49,227;9,309E-2
49,260;9,273E-2
49,293;9,238E-2
49,327;9,186E-2
49,360;9,148E-2
49,393;9,104E-2
49,427;9,057E-2
49,460;9,014E-2
49,494;8,972E-2
49,527;8,937E-2
49,560;8,888E-2
49,594;8,840E-2
49,627;8,808E-2
49,660;8,746E-2
49,694;8,698E-2
49,727;8,649E-2
49,761;8,604E-2
49,794;8,565E-2
49,827;8,512E-2
49,861;8,449E-2
49,894;8,398E-2
49,927;8,343E-2
49,961;8,306E-2
49,994;8,245E-2
50,028;8,201E-2
50,061;8,145E-2
50,094;8,086E-2
50,128;8,027E-2
50,161;7,984E-2
50,194;7,917E-2
50,228;7,875E-2
50,261;7,816E-2
50,295;7,767E-2
50,328;7,689E-2
50,361;7,648E-2
50,395;7,588E-2
50,428;7,525E-2
50,461;7,465E-2
50,495;7,403E-2
50,528;7,341E-2
50,562;7,278E-2
50,595;7,215E-2
50,628;7,155E-2
50,662;7,092E-2
50,695;7,030E-2
50,728;6,969E-2
50,762;6,912E-2
50,795;6,843E-2
50,829;6,781E-2
50,862;6,720E-2
50,895;6,656E-2
50,929;6,594E-2
50,962;6,525E-2
50,995;6,464E-2
51,029;6,393E-2
51,062;6,331E-2
51,096;6,264E-2
51,129;6,205E-2
51,162;6,138E-2
51,196;6,067E-2
51,229;5,995E-2
51,262;5,932E-2
51,296;5,864E-2
51,329;5,786E-2
51,363;5,720E-2
51,396;5,657E-2
51,429;5,587E-2
51,463;5,525E-2
51,496;5,452E-2
51,529;5,384E-2
51,563;5,320E-2
51,596;5,232E-2
51,630;5,164E-2
51,663;5,102E-2
51,696;5,021E-2
51,730;4,955E-2
51,763;4,890E-2
51,796;4,809E-2
51,830;4,740E-2
51,863;4,670E-2
51,897;4,594E-2
51,930;4,532E-2
51,963;4,457E-2
51,997;4,377E-2
52,030;4,302E-2
52,063;4,225E-2
52,097;4,161E-2
52,130;4,098E-2
52,164;4,015E-2
52,197;3,939E-2
52,230;3,867E-2
52,264;3,792E-2
52,297;3,723E-2
52,330;3,636E-2
52,364;3,570E-2
52,397;3,490E-2
52,430;3,428E-2
52,464;3,343E-2
52,497;3,273E-2
52,531;3,201E-2
52,564;3,124E-2
52,597;3,050E-2
52,631;2,964E-2
52,664;2,882E-2
52,697;2,810E-2
52,731;2,732E-2
52,764;2,657E-2
52,798;2,577E-2
52,831;2,508E-2
52,864;2,438E-2
52,898;2,368E-2
52,931;2,276E-2
52,964;2,210E-2
52,998;2,153E-2
53,031;2,071E-2
53,065;2,008E-2
53,098;1,938E-2
53,131;1,834E-2
53,165;1,768E-2
53,198;1,701E-2
53,231;1,636E-2
53,265;1,547E-2
53,298;1,466E-2
53,332;1,405E-2
53,365;1,329E-2
53,398;1,252E-2
53,432;1,176E-2
53,465;1,102E-2
53,498;1,042E-2
53,532;9,632E-3
53,565;8,911E-3
53,599;8,162E-3
53,632;7,324E-3
53,665;6,672E-3
53,699;5,989E-3
53,732;5,269E-3
53,765;4,540E-3
53,799;3,773E-3
53,832;3,073E-3
53,866;2,482E-3
53,899;1,689E-3
53,932;8,904E-4
53,966;1,075E-4
53,999;-5,135E-4
54,032;-1,320E-3
54,066;-1,828E-3
54,099;-2,498E-3
54,133;-3,468E-3
54,166;-4,083E-3
54,199;-4,859E-3
54,233;-5,490E-3
54,266;-6,346E-3
54,299;-7,243E-3
54,333;-7,967E-3
54,366;-8,880E-3
54,400;-9,559E-3
54,433;-1,024E-2
54,466;-1,094E-2
54,500;-1,179E-2
54,533;-1,247E-2
54,566;-1,331E-2
54,600;-1,420E-2
54,633;-1,492E-2
54,667;-1,549E-2
54,700;-1,635E-2
54,733;-1,742E-2
54,767;-1,827E-2
54,800;-1,870E-2
54,833;-1,963E-2
54,867;-2,067E-2
54,900;-2,140E-2
54,934;-2,201E-2
54,967;-2,294E-2
55,000;-2,346E-2
55,034;-2,398E-2
55,067;-2,480E-2
55,100;-2,569E-2
55,134;-2,628E-2
55,167;-2,684E-2
55,201;-2,764E-2
55,234;-2,830E-2
55,267;-2,921E-2
55,301;-2,961E-2
55,334;-3,051E-2
55,367;-3,099E-2
55,401;-3,175E-2
55,434;-3,239E-2
55,468;-3,300E-2
55,501;-3,356E-2
55,534;-3,439E-2
55,568;-3,471E-2
55,601;-3,576E-2
55,634;-3,621E-2
55,668;-3,647E-2
55,701;-3,773E-2
55,735;-3,806E-2
55,768;-3,878E-2
55,801;-3,996E-2
55,835;-4,049E-2
55,868;-4,117E-2
55,901;-4,182E-2
55,935;-4,244E-2
55,968;-4,298E-2
56,002;-4,355E-2
56,035;-4,422E-2
56,068;-4,485E-2
56,102;-4,545E-2
56,135;-4,595E-2
56,168;-4,659E-2
56,202;-4,724E-2
56,235;-4,703E-2
56,268;-4,806E-2
56,302;-4,829E-2
56,335;-4,935E-2
56,369;-4,967E-2
56,402;-5,055E-2
56,435;-5,073E-2
56,469;-5,145E-2
56,502;-5,186E-2
56,535;-5,262E-2
56,569;-5,302E-2
56,602;-5,325E-2
56,636;-5,372E-2
56,669;-5,425E-2
56,702;-5,475E-2
56,736;-5,547E-2
56,769;-5,594E-2
56,802;-5,641E-2
56,836;-5,665E-2
56,869;-5,760E-2
56,903;-5,777E-2
56,936;-5,833E-2
56,969;-5,873E-2
57,003;-5,910E-2
57,036;-5,942E-2
57,069;-5,992E-2
57,103;-6,043E-2
57,136;-6,090E-2
57,170;-6,105E-2
57,203;-6,168E-2
57,236;-6,229E-2
57,270;-6,255E-2
57,303;-6,285E-2
57,336;-6,332E-2
57,370;-6,358E-2
57,403;-6,420E-2
57,437;-6,440E-2
57,470;-6,501E-2
57,503;-6,531E-2
57,537;-6,563E-2
57,570;-6,579E-2
57,603;-6,605E-2
57,637;-6,636E-2
57,670;-6,701E-2
57,704;-6,650E-2
57,737;-6,753E-2
57,770;-6,782E-2
57,804;-6,783E-2
57,837;-6,809E-2
57,870;-6,821E-2
57,904;-6,853E-2
57,937;-6,908E-2
57,971;-6,914E-2
58,004;-6,951E-2
58,037;-6,953E-2
58,071;-7,029E-2
58,104;-7,038E-2
58,137;-7,044E-2
58,171;-7,074E-2
58,204;-7,105E-2
58,238;-7,125E-2
58,271;-7,136E-2
58,304;-7,148E-2
58,338;-7,184E-2
58,371;-7,193E-2
58,404;-7,226E-2
58,438;-7,244E-2
58,471;-7,266E-2
58,505;-7,268E-2
58,538;-7,282E-2
58,571;-7,309E-2
58,605;-7,296E-2
58,638;-7,323E-2
58,671;-7,294E-2
58,705;-7,295E-2
58,738;-7,396E-2
58,772;-7,396E-2
58,805;-7,413E-2
58,838;-7,412E-2
58,872;-7,424E-2
58,905;-7,420E-2
58,938;-7,441E-2
58,972;-7,434E-2
59,005;-7,487E-2
59,039;-7,486E-2
59,072;-7,496E-2
59,105;-7,495E-2
59,139;-7,498E-2
59,172;-7,493E-2
59,205;-7,503E-2
59,239;-7,508E-2
59,272;-7,514E-2
59,306;-7,518E-2
59,339;-7,521E-2
59,372;-7,519E-2
59,406;-7,520E-2
59,439;-7,523E-2
59,472;-7,517E-2
59,506;-7,521E-2
59,539;-7,520E-2
59,573;-7,520E-2
59,606;-7,515E-2
59,639;-7,515E-2
59,673;-7,515E-2
59,706;-7,491E-2
59,739;-7,479E-2
59,773;-7,458E-2
59,806;-7,484E-2
59,840;-7,466E-2
59,873;-7,468E-2
59,906;-7,465E-2
59,940;-7,456E-2
59,973;-7,415E-2
60,006;-7,401E-2
60,040;-7,391E-2
60,073;-7,390E-2
60,107;-7,359E-2
60,140;-7,343E-2
60,173;-7,323E-2
60,207;-7,300E-2
60,240;-7,282E-2
60,273;-7,269E-2
60,307;-7,268E-2
60,340;-7,222E-2
60,373;-7,201E-2
60,407;-7,157E-2
60,440;-7,149E-2
60,474;-7,146E-2
60,507;-7,125E-2
60,540;-7,085E-2
60,574;-7,045E-2
60,607;-7,026E-2
60,640;-7,022E-2
60,674;-6,976E-2
60,707;-6,958E-2
60,741;-6,907E-2
60,774;-6,873E-2
60,807;-6,807E-2
60,841;-6,790E-2
60,874;-6,784E-2
60,907;-6,752E-2
60,941;-6,692E-2
60,974;-6,662E-2
61,008;-6,658E-2
61,041;-6,616E-2
61,074;-6,557E-2
61,108;-6,537E-2
61,141;-6,512E-2
61,174;-6,443E-2
61,208;-6,415E-2
61,241;-6,389E-2
61,275;-6,335E-2
61,308;-6,296E-2
61,341;-6,249E-2
61,375;-6,233E-2
61,408;-6,175E-2
61,441;-6,142E-2
61,475;-6,088E-2
61,508;-6,045E-2
61,542;-6,010E-2
61,575;-5,947E-2
61,608;-5,921E-2
61,642;-5,879E-2
61,675;-5,827E-2
61,708;-5,796E-2
61,742;-5,727E-2
61,775;-5,676E-2
61,809;-5,657E-2
61,842;-5,581E-2
61,875;-5,551E-2
61,909;-5,517E-2
61,942;-5,426E-2
61,975;-5,374E-2
62,009;-5,319E-2
62,042;-5,265E-2
62,076;-5,202E-2
62,109;-5,153E-2
62,142;-5,090E-2
62,176;-5,064E-2
62,209;-5,028E-2
62,242;-4,967E-2
62,276;-4,938E-2
62,309;-4,871E-2
62,343;-4,828E-2
62,376;-4,797E-2
62,409;-4,705E-2
62,443;-4,677E-2
62,476;-4,617E-2
62,509;-4,571E-2
62,543;-4,521E-2
62,576;-4,457E-2
62,610;-4,429E-2
62,643;-4,338E-2
62,676;-4,300E-2
62,710;-4,239E-2
62,743;-4,136E-2
62,776;-4,087E-2
62,810;-4,040E-2
62,843;-3,982E-2
62,877;-3,922E-2
62,910;-3,842E-2
62,943;-3,799E-2
62,977;-3,734E-2
63,010;-3,676E-2
63,043;-3,599E-2
63,077;-3,552E-2
63,110;-3,479E-2
63,144;-3,411E-2
63,177;-3,332E-2
63,210;-3,289E-2
63,244;-3,219E-2
63,277;-3,164E-2
63,310;-3,092E-2
63,344;-3,048E-2
63,377;-2,949E-2
63,411;-2,909E-2
63,444;-2,812E-2
63,477;-2,723E-2
63,511;-2,667E-2
63,544;-2,662E-2
63,577;-2,572E-2
63,611;-2,490E-2
63,644;-2,462E-2
63,678;-2,352E-2
63,711;-2,290E-2
63,744;-2,214E-2
63,778;-2,151E-2
63,811;-2,076E-2
63,844;-1,978E-2
63,878;-1,926E-2
63,911;-1,837E-2
63,945;-1,736E-2
63,978;-1,609E-2
64,011;-1,572E-2
64,045;-1,478E-2
64,078;-1,398E-2
64,111;-1,313E-2
64,145;-1,212E-2
64,178;-1,150E-2
64,212;-1,082E-2
64,245;-1,001E-2
64,278;-9,292E-3
64,312;-8,516E-3
64,345;-9,099E-3
64,378;-8,298E-3
64,412;-7,528E-3
64,445;-6,650E-3
64,478;-5,495E-3
64,512;-4,756E-3
64,545;-3,930E-3
64,579;-3,229E-3
64,612;-2,313E-3
64,645;-1,269E-3
64,679;-8,902E-4
64,712;1,374E-4
64,745;9,682E-4
64,779;1,823E-3
64,812;2,678E-3
64,846;3,605E-3
64,879;4,349E-3
64,912;5,169E-3
64,946;5,934E-3
64,979;6,903E-3
65,012;6,330E-3
65,046;7,175E-3
65,079;7,968E-3
65,113;8,980E-3
65,146;9,665E-3
65,179;1,059E-2
65,213;1,123E-2
65,246;1,191E-2
65,279;1,305E-2
65,313;1,364E-2
65,346;1,429E-2
65,380;1,494E-2
65,413;1,576E-2
65,446;1,642E-2
65,480;1,731E-2
65,513;1,787E-2
65,546;1,883E-2
65,580;1,926E-2
65,613;1,997E-2
65,647;2,080E-2
65,680;2,143E-2
65,713;2,208E-2
65,747;2,287E-2
65,780;2,352E-2
65,813;2,430E-2
65,847;2,500E-2
65,880;2,565E-2
65,914;2,644E-2
65,947;2,711E-2
65,980;2,785E-2
66,014;2,772E-2
66,047;2,864E-2
66,080;2,914E-2
66,114;2,999E-2
66,147;3,053E-2
66,181;3,171E-2
66,214;3,281E-2
66,247;3,356E-2
66,281;3,410E-2
66,314;3,501E-2
66,347;3,568E-2
66,381;3,645E-2
66,414;3,714E-2
66,448;3,795E-2
66,481;3,897E-2
66,514;3,953E-2
66,548;4,030E-2
66,581;4,103E-2
66,614;4,176E-2
66,648;4,244E-2
66,681;4,324E-2
66,715;4,390E-2
66,748;4,496E-2
66,781;4,559E-2
66,815;4,643E-2
66,848;4,712E-2
66,881;4,768E-2
66,915;4,937E-2
66,948;4,929E-2
66,982;4,993E-2
67,015;5,101E-2
67,048;5,162E-2
67,082;5,235E-2
67,115;5,303E-2
67,148;5,369E-2
67,182;5,422E-2
67,215;5,490E-2
67,249;5,550E-2
67,282;5,489E-2
67,315;5,517E-2
67,349;5,611E-2
67,382;5,672E-2
67,415;5,756E-2
67,449;5,840E-2
67,482;5,882E-2
67,516;5,966E-2
67,549;6,036E-2
67,582;6,090E-2
67,616;6,155E-2
67,649;6,196E-2
67,682;6,280E-2
67,716;6,337E-2
67,749;6,393E-2
67,783;6,470E-2
67,816;6,529E-2
67,849;6,562E-2
67,883;6,641E-2
67,916;6,681E-2
67,949;6,738E-2
67,983;6,793E-2
68,016;6,848E-2
68,050;6,888E-2
68,083;7,000E-2
68,116;7,043E-2
68,150;7,104E-2
68,183;7,159E-2
68,216;7,209E-2
68,250;7,240E-2
68,283;7,313E-2
68,316;7,357E-2
68,350;7,395E-2
68,383;7,470E-2
68,417;7,491E-2
68,450;7,553E-2
68,483;7,590E-2
68,517;7,633E-2
68,550;7,710E-2
68,583;7,759E-2
68,617;7,764E-2
68,650;7,819E-2
68,684;7,851E-2
68,717;7,887E-2
68,750;7,978E-2
68,784;8,006E-2
68,817;8,063E-2
68,850;8,120E-2
68,884;8,126E-2
68,917;8,185E-2
68,951;8,211E-2
68,984;8,248E-2
69,017;8,295E-2
69,051;8,325E-2
69,084;8,351E-2
69,117;8,387E-2
69,151;8,497E-2
69,184;8,513E-2
69,218;8,540E-2
69,251;8,564E-2
69,284;8,625E-2
69,318;8,652E-2
69,351;8,694E-2
69,384;8,720E-2
69,418;8,771E-2
69,451;8,812E-2
69,485;8,823E-2
69,518;8,866E-2
69,551;8,911E-2
69,585;8,946E-2
69,618;8,971E-2
69,651;8,999E-2
69,685;9,127E-2
69,718;9,112E-2
69,752;9,184E-2
69,785;9,214E-2
69,818;9,224E-2
69,852;9,241E-2
69,885;9,254E-2
69,918;9,281E-2
69,952;9,280E-2
69,985;9,302E-2
70,019;9,301E-2
70,052;9,318E-2
70,085;9,356E-2
70,119;9,373E-2
70,152;9,374E-2
70,185;9,413E-2
70,219;9,460E-2
70,252;9,481E-2
70,286;9,483E-2
70,319;9,482E-2
70,352;9,536E-2
70,386;9,544E-2
70,419;9,572E-2
70,452;9,584E-2
70,486;9,608E-2
70,519;9,606E-2
70,553;9,613E-2
70,586;9,633E-2
70,619;9,644E-2
70,653;9,654E-2
70,686;9,650E-2
70,719;9,644E-2
70,753;9,663E-2
70,786;9,682E-2
70,820;9,668E-2
70,853;9,674E-2
70,886;9,675E-2
70,920;9,673E-2
70,953;9,690E-2
70,986;9,704E-2
71,020;9,705E-2
71,053;9,712E-2
71,087;9,708E-2
71,120;9,723E-2
71,153;9,720E-2
71,187;9,720E-2
71,220;9,716E-2
71,253;9,721E-2
71,287;9,735E-2
71,320;9,720E-2
71,354;9,732E-2
71,387;9,729E-2
71,420;9,731E-2
71,454;9,730E-2
71,487;9,730E-2
71,520;9,723E-2
71,554;9,809E-2
71,587;9,830E-2
71,621;9,815E-2
71,654;9,825E-2
71,687;9,823E-2
71,721;9,820E-2
71,754;9,826E-2
71,787;9,816E-2
71,821;9,776E-2
71,854;9,762E-2
71,888;9,768E-2
71,921;9,752E-2
71,954;9,743E-2
71,988;9,713E-2
72,021;9,709E-2
72,054;9,702E-2
72,088;9,699E-2
72,121;9,650E-2
72,155;9,668E-2
72,188;9,637E-2
72,221;9,619E-2
72,255;9,583E-2
72,288;9,580E-2
72,321;9,575E-2
72,355;9,549E-2
72,388;9,531E-2
72,421;9,499E-2
72,455;9,476E-2
72,488;9,456E-2
72,522;9,441E-2
72,555;9,420E-2
72,588;9,392E-2
72,622;9,388E-2
72,655;9,404E-2
72,688;9,392E-2
72,722;9,394E-2
72,755;9,305E-2
72,789;9,283E-2
72,822;9,277E-2
72,855;9,265E-2
72,889;9,155E-2
72,922;9,145E-2
72,955;9,131E-2
72,989;9,124E-2
73,022;9,058E-2
73,056;9,035E-2
73,089;8,969E-2
73,122;8,942E-2
73,156;8,990E-2
73,189;8,954E-2
73,222;8,932E-2
73,256;8,910E-2
73,289;8,845E-2
73,323;8,779E-2
73,356;8,806E-2
73,389;8,757E-2
73,423;8,682E-2
73,456;8,668E-2
73,489;8,618E-2
73,523;8,589E-2
73,556;8,558E-2
73,590;8,498E-2
73,623;8,443E-2
73,656;8,422E-2
73,690;8,341E-2
73,723;8,329E-2
73,756;8,245E-2
73,790;8,203E-2
73,823;8,169E-2
73,857;8,153E-2
73,890;8,095E-2
73,923;8,035E-2
73,957;7,959E-2
73,990;7,909E-2
74,023;7,862E-2
74,057;7,825E-2
74,090;7,750E-2
74,124;7,701E-2
74,157;7,665E-2
74,190;7,615E-2
74,224;7,533E-2
74,257;7,486E-2
74,290;7,437E-2
74,324;7,393E-2
74,357;7,331E-2
74,391;7,295E-2
74,424;7,248E-2
74,457;7,170E-2
74,491;7,155E-2
74,524;7,109E-2
74,557;7,060E-2
74,591;7,019E-2
74,624;6,933E-2
74,658;6,900E-2
74,691;6,837E-2
74,724;6,786E-2
74,758;6,609E-2
74,791;6,544E-2
74,824;6,495E-2
74,858;6,426E-2
74,891;6,352E-2
74,925;6,304E-2
74,958;6,230E-2
74,991;6,222E-2
75,025;6,097E-2
75,058;6,047E-2
75,091;5,989E-2
75,125;5,923E-2
75,158;5,833E-2
75,192;5,762E-2
75,225;5,714E-2
75,258;5,686E-2
75,292;5,627E-2
75,325;5,562E-2
75,358;5,486E-2
75,392;5,448E-2
75,425;5,364E-2
75,459;5,301E-2
75,492;5,231E-2
75,525;5,181E-2
75,559;5,111E-2
75,592;5,046E-2
75,625;4,986E-2
75,659;4,902E-2
75,692;4,869E-2
75,726;4,788E-2
75,759;4,739E-2
75,792;4,659E-2
75,826;4,642E-2
75,859;4,533E-2
75,892;4,500E-2
75,926;4,461E-2
75,959;4,341E-2
75,993;4,262E-2
76,026;4,219E-2
76,059;4,147E-2
76,093;4,059E-2
76,126;4,022E-2
76,159;3,962E-2
76,193;3,916E-2
76,226;3,786E-2
76,260;3,710E-2
76,293;3,667E-2
76,326;3,590E-2
76,360;3,477E-2
76,393;3,421E-2
76,426;3,352E-2
76,460;3,271E-2
76,493;3,239E-2
76,526;3,164E-2
76,560;3,085E-2
76,593;3,017E-2
76,627;2,944E-2
76,660;2,888E-2
76,693;2,799E-2
76,727;2,703E-2
76,760;2,668E-2
76,793;2,577E-2
76,827;2,536E-2
76,860;2,442E-2
76,894;2,306E-2
76,927;2,237E-2
76,960;2,125E-2
76,994;2,104E-2
77,027;2,051E-2
77,060;1,965E-2
77,094;1,911E-2
77,127;1,836E-2
77,161;1,731E-2
77,194;1,669E-2
77,227;1,613E-2
77,261;1,534E-2
77,294;1,443E-2
77,327;1,388E-2
77,361;1,307E-2
77,394;1,206E-2
77,428;1,154E-2
77,461;1,108E-2
77,494;1,031E-2
77,528;9,575E-3
77,561;8,813E-3
77,594;8,108E-3
77,628;7,319E-3
77,661;6,752E-3
77,695;5,522E-3
77,728;4,915E-3
77,761;4,027E-3
77,795;3,342E-3
77,828;2,622E-3
77,861;1,931E-3
77,895;1,416E-3
77,928;5,730E-4
77,962;2,343E-4
77,995;-6,168E-4
78,028;-1,388E-3
78,062;-1,865E-3
78,095;-2,519E-3
78,128;-3,727E-3
78,162;-4,672E-3
78,195;-5,525E-3
78,229;-5,666E-3
78,262;-6,615E-3
78,295;-7,566E-3
78,329;-8,097E-3
78,362;-8,583E-3
78,395;-9,180E-3
78,429;-1,005E-2
78,462;-1,091E-2
78,496;-1,108E-2
78,529;-1,201E-2
78,562;-1,252E-2
78,596;-1,309E-2
78,629;-1,341E-2
78,662;-1,423E-2
78,696;-1,472E-2
78,729;-1,531E-2
78,763;-1,629E-2
78,796;-1,707E-2
78,829;-1,780E-2
78,863;-1,833E-2
78,896;-1,918E-2
78,929;-1,968E-2
78,963;-2,032E-2
78,996;-2,087E-2
79,030;-2,229E-2
79,063;-2,287E-2
79,096;-2,338E-2
79,130;-2,390E-2
79,163;-2,463E-2
79,196;-2,513E-2
79,230;-2,595E-2
79,263;-2,629E-2
79,297;-2,707E-2
79,330;-2,794E-2
79,363;-2,844E-2
79,397;-2,912E-2
79,430;-2,946E-2
79,463;-3,026E-2
79,497;-3,053E-2
79,530;-3,137E-2
79,564;-3,200E-2
79,597;-3,187E-2
79,630;-3,250E-2
79,664;-3,287E-2
79,697;-3,412E-2
79,730;-3,472E-2
79,764;-3,543E-2
79,797;-3,610E-2
79,831;-3,619E-2
79,864;-3,665E-2
79,897;-3,744E-2
79,931;-3,798E-2
79,964;-3,863E-2
79,997;-3,926E-2
80,031;-3,952E-2
80,064;-4,010E-2
80,098;-4,099E-2
80,131;-4,130E-2
80,164;-4,185E-2
80,198;-4,231E-2
80,231;-4,293E-2
80,264;-4,336E-2
80,298;-4,418E-2
80,331;-4,445E-2
80,364;-4,526E-2
80,398;-4,492E-2
80,431;-4,547E-2
80,465;-4,585E-2
80,498;-4,672E-2
80,531;-4,700E-2
80,565;-4,775E-2
80,598;-4,797E-2
80,631;-4,827E-2
80,665;-4,878E-2
80,698;-4,960E-2
80,732;-5,003E-2
80,765;-5,043E-2
80,798;-5,075E-2
80,832;-5,134E-2
80,865;-5,167E-2
80,898;-5,228E-2
80,932;-5,245E-2
80,965;-5,329E-2
80,999;-5,336E-2
81,032;-5,373E-2
81,065;-5,423E-2
81,099;-5,456E-2
81,132;-5,475E-2
81,165;-5,486E-2
81,199;-5,507E-2
81,232;-5,544E-2
81,266;-5,595E-2
81,299;-5,620E-2
81,332;-5,673E-2
81,366;-5,713E-2
81,399;-5,756E-2
81,432;-5,801E-2
81,466;-5,835E-2
81,499;-5,848E-2
81,533;-5,870E-2
81,566;-5,942E-2
81,599;-5,966E-2
81,633;-5,968E-2
81,666;-6,014E-2
81,699;-6,058E-2
81,733;-6,083E-2
81,766;-6,088E-2
81,800;-6,119E-2
81,833;-6,171E-2
81,866;-6,184E-2
81,900;-6,194E-2
81,933;-6,220E-2
81,966;-6,247E-2
82,000;-6,272E-2
82,033;-6,299E-2
82,067;-6,315E-2
82,100;-6,354E-2
82,133;-6,366E-2
82,167;-6,379E-2
82,200;-6,391E-2
82,233;-6,475E-2
82,267;-6,490E-2
82,300;-6,499E-2
82,334;-6,510E-2
82,367;-6,528E-2
82,400;-6,524E-2
82,434;-6,544E-2
82,467;-6,551E-2
82,500;-6,581E-2
82,534;-6,589E-2
82,567;-6,591E-2
82,601;-6,597E-2
82,634;-6,623E-2
82,667;-6,626E-2
82,701;-6,630E-2
82,734;-6,633E-2
82,767;-6,657E-2
82,801;-6,666E-2
82,834;-6,670E-2
82,868;-6,672E-2
82,901;-6,694E-2
82,934;-6,687E-2
82,968;-6,700E-2
83,001;-6,703E-2
83,034;-6,704E-2
83,068;-6,701E-2
83,101;-6,699E-2
83,135;-6,694E-2
83,168;-6,699E-2
83,201;-6,695E-2
83,235;-6,696E-2
83,268;-6,695E-2
83,301;-6,623E-2
83,335;-6,626E-2
83,368;-6,626E-2
83,402;-6,621E-2
83,435;-6,615E-2
83,468;-6,619E-2
83,502;-6,621E-2
83,535;-6,620E-2
83,568;-6,617E-2
83,602;-6,619E-2
83,635;-6,604E-2
83,669;-6,615E-2
83,702;-6,598E-2
83,735;-6,603E-2
83,769;-6,589E-2
83,802;-6,570E-2
83,835;-6,549E-2
83,869;-6,543E-2
83,902;-6,533E-2
83,936;-6,524E-2
83,969;-6,507E-2
84,002;-6,498E-2
84,036;-6,467E-2
84,069;-6,445E-2
84,102;-6,447E-2
84,136;-6,428E-2
84,169;-6,409E-2
84,203;-6,416E-2
84,236;-6,381E-2
84,269;-6,366E-2
84,303;-6,339E-2
84,336;-6,306E-2
84,369;-6,305E-2
84,403;-6,291E-2
84,436;-6,280E-2
84,469;-6,238E-2
84,503;-6,207E-2
84,536;-6,184E-2
84,570;-6,160E-2
84,603;-6,150E-2
84,636;-6,123E-2
84,670;-6,091E-2
84,703;-6,058E-2
84,736;-6,049E-2
84,770;-6,013E-2
84,803;-5,989E-2
84,837;-5,958E-2
84,870;-5,926E-2
84,903;-5,901E-2
84,937;-5,852E-2
84,970;-5,819E-2
85,003;-5,792E-2
85,037;-5,751E-2
85,070;-5,719E-2
85,104;-5,678E-2
85,137;-5,662E-2
85,170;-5,587E-2
85,204;-5,561E-2
85,237;-5,533E-2
85,270;-5,475E-2
85,304;-5,450E-2
85,337;-5,406E-2
85,371;-5,370E-2
85,404;-5,328E-2
85,437;-5,206E-2
85,471;-5,156E-2
85,504;-5,113E-2
85,537;-5,053E-2
85,571;-5,019E-2
85,604;-4,984E-2
85,638;-4,921E-2
85,671;-4,880E-2
85,704;-4,817E-2
85,738;-4,784E-2
85,771;-4,736E-2
85,804;-4,686E-2
85,838;-4,601E-2
85,871;-4,555E-2
85,905;-4,506E-2
85,938;-4,478E-2
85,971;-4,423E-2
86,005;-4,509E-2
86,038;-4,500E-2
86,071;-4,411E-2
86,105;-4,316E-2
86,138;-4,263E-2
86,172;-4,224E-2
86,205;-4,150E-2
86,238;-4,106E-2
86,272;-4,040E-2
86,305;-4,002E-2
86,338;-3,925E-2
86,372;-3,865E-2
86,405;-3,815E-2
86,439;-3,748E-2
86,472;-3,698E-2
86,505;-3,660E-2
86,539;-3,738E-2
86,572;-3,673E-2
86,605;-3,618E-2
86,639;-3,575E-2
86,672;-3,510E-2
86,706;-3,442E-2
86,739;-3,362E-2
86,772;-3,257E-2
86,806;-3,200E-2
86,839;-3,135E-2
86,872;-3,061E-2
86,906;-2,988E-2
86,939;-2,934E-2
86,973;-2,873E-2
87,006;-2,786E-2
87,039;-2,762E-2
87,073;-2,773E-2
87,106;-2,628E-2
87,139;-2,650E-2
87,173;-2,605E-2
87,206;-2,562E-2
87,240;-2,473E-2
87,273;-2,383E-2
87,306;-2,333E-2
87,340;-2,273E-2
87,373;-2,192E-2
87,406;-2,136E-2
87,440;-2,048E-2
87,473;-1,982E-2
87,507;-1,932E-2
87,540;-1,874E-2
87,573;-1,783E-2
87,607;-1,709E-2
87,640;-1,656E-2
87,673;-1,604E-2
87,707;-1,518E-2
87,740;-1,450E-2
87,774;-1,398E-2
87,807;-1,339E-2
87,840;-1,261E-2
87,874;-1,226E-2
87,907;-1,258E-2
87,940;-1,193E-2
87,974;-1,118E-2
88,007;-1,045E-2
88,041;-9,888E-3
88,074;-9,077E-3
88,107;-8,342E-3
88,141;-7,787E-3
88,174;-6,558E-3
88,207;-5,840E-3
88,241;-5,405E-3
88,274;-4,375E-3
88,307;-3,752E-3
88,341;-2,890E-3
88,374;-1,981E-3
88,408;-1,429E-3
88,441;-6,581E-4
88,474;1,576E-4
88,508;7,603E-4
88,541;1,374E-3
88,574;1,187E-3
88,608;1,892E-3
88,641;2,860E-3
88,675;3,459E-3
88,708;4,097E-3
88,741;4,973E-3
88,775;5,632E-3
88,808;6,686E-3
88,841;7,504E-3
88,875;8,174E-3
88,908;8,724E-3
88,942;9,295E-3
88,975;1,002E-2
89,008;1,058E-2
89,042;1,133E-2
89,075;1,221E-2
89,108;1,247E-2
89,142;1,330E-2
89,175;1,408E-2
89,209;1,448E-2
89,242;1,499E-2
89,275;1,555E-2
89,309;1,611E-2
89,342;1,682E-2
89,375;1,741E-2
89,409;1,801E-2
89,442;1,855E-2
89,476;1,927E-2
89,509;1,981E-2
89,542;2,041E-2
89,576;2,041E-2
89,609;2,100E-2
89,642;2,171E-2
89,676;2,246E-2
89,709;2,319E-2
89,743;2,407E-2
89,776;2,464E-2
89,809;2,520E-2
89,843;2,605E-2
89,876;2,658E-2
89,909;2,743E-2
89,943;2,810E-2
89,976;2,904E-2
90,010;2,977E-2
90,043;3,035E-2
90,076;3,136E-2
90,110;3,168E-2
90,143;3,260E-2
90,176;3,320E-2
90,210;3,395E-2
90,243;3,485E-2
90,277;3,571E-2
90,310;3,604E-2
90,343;3,688E-2
90,377;3,739E-2
90,410;3,825E-2
90,443;3,876E-2
90,477;3,943E-2
90,510;4,038E-2
90,544;4,087E-2
90,577;4,165E-2
90,610;4,234E-2
90,644;4,290E-2
90,677;4,357E-2
90,710;4,424E-2
90,744;4,490E-2
90,777;4,479E-2
90,811;4,538E-2
90,844;4,607E-2
90,877;4,637E-2
90,911;4,714E-2
90,944;4,771E-2
90,977;4,844E-2
91,011;4,929E-2
91,044;4,960E-2
91,078;5,000E-2
91,111;5,091E-2
91,144;5,146E-2
91,178;5,209E-2
91,211;5,249E-2
91,244;5,310E-2
91,278;5,365E-2
91,311;5,446E-2
91,345;5,508E-2
91,378;5,616E-2
91,411;5,634E-2
91,445;5,674E-2
91,478;5,719E-2
91,511;5,796E-2
91,545;5,808E-2
91,578;5,901E-2
91,612;5,935E-2
91,645;5,970E-2
91,678;6,030E-2
91,712;6,107E-2
91,745;6,162E-2
91,778;6,213E-2
91,812;6,255E-2
91,845;6,278E-2
91,879;6,333E-2
91,912;6,400E-2
91,945;6,460E-2
91,979;6,535E-2
92,012;6,584E-2
92,045;6,656E-2
92,079;6,643E-2
92,112;6,712E-2
92,146;6,767E-2
92,179;6,807E-2
92,212;6,867E-2
92,246;6,912E-2
92,279;6,944E-2
92,312;7,001E-2
92,346;7,025E-2
92,379;7,083E-2
92,412;7,134E-2
92,446;7,188E-2
92,479;7,238E-2
92,513;7,266E-2
92,546;7,312E-2
92,579;7,355E-2
92,613;7,407E-2
92,646;7,432E-2
92,679;7,505E-2
92,713;7,517E-2
92,746;7,578E-2
92,780;7,585E-2
92,813;7,595E-2
92,846;7,671E-2
92,880;7,697E-2
92,913;7,703E-2
92,946;7,713E-2
92,980;7,765E-2
93,013;7,784E-2
93,047;7,840E-2
93,080;7,870E-2
93,113;7,897E-2
93,147;7,936E-2
93,180;7,960E-2
93,213;7,984E-2
93,247;8,052E-2
93,280;8,108E-2
93,314;8,109E-2
93,347;8,140E-2
93,380;8,179E-2
93,414;8,201E-2
93,447;8,223E-2
93,480;8,262E-2
93,514;8,285E-2
93,547;8,314E-2
93,581;8,348E-2
93,614;8,374E-2
93,647;8,392E-2
93,681;8,394E-2
93,714;8,444E-2
93,747;8,448E-2
93,781;8,508E-2
93,814;8,510E-2
93,848;8,518E-2
93,881;8,555E-2
93,914;8,567E-2
93,948;8,581E-2
93,981;8,615E-2
94,014;8,621E-2
94,048;8,631E-2
94,081;8,638E-2
94,115;8,668E-2
94,148;8,712E-2
94,181;8,707E-2
94,215;8,736E-2
94,248;8,859E-2
94,281;8,868E-2
94,315;8,844E-2
94,348;8,853E-2
94,382;8,972E-2
94,415;8,976E-2
94,448;8,976E-2
94,482;8,991E-2
94,515;8,997E-2
94,548;8,991E-2
94,582;9,010E-2
94,615;9,033E-2
94,649;9,035E-2
94,682;9,034E-2
94,715;9,043E-2
94,749;9,028E-2
94,782;9,042E-2
94,815;9,035E-2
94,849;9,071E-2
94,882;9,095E-2
94,916;9,080E-2
94,949;9,084E-2
94,982;9,101E-2
95,016;9,095E-2
95,049;9,084E-2
95,082;9,082E-2
95,116;9,095E-2
95,149;9,087E-2
95,183;9,100E-2
95,216;9,109E-2
95,249;9,104E-2
95,283;9,090E-2
95,316;9,111E-2
95,349;9,109E-2
95,383;9,096E-2
95,416;9,093E-2
95,450;9,090E-2
95,483;9,092E-2
95,516;9,084E-2
95,550;9,098E-2
95,583;9,080E-2
95,616;9,087E-2
95,650;9,079E-2
95,683;9,079E-2
95,717;9,076E-2
95,750;9,064E-2
95,783;9,039E-2
95,817;9,039E-2
95,850;9,034E-2
95,883;9,034E-2
95,917;9,020E-2
95,950;9,018E-2
95,984;9,029E-2
96,017;9,003E-2
96,050;8,989E-2
96,084;8,984E-2
96,117;8,915E-2
96,150;8,927E-2
96,184;8,904E-2
96,217;8,906E-2
96,251;8,870E-2
96,284;8,864E-2
96,317;8,842E-2
96,351;8,831E-2
96,384;8,844E-2
96,417;8,807E-2
96,451;8,808E-2
96,484;8,787E-2
96,517;8,701E-2
96,551;8,678E-2
96,584;8,653E-2
96,618;8,653E-2
96,651;8,640E-2
96,684;8,588E-2
96,718;8,576E-2
96,751;8,556E-2
96,784;8,510E-2
96,818;8,479E-2
96,851;8,453E-2
96,885;8,429E-2
96,918;8,402E-2
96,951;8,383E-2
96,985;8,347E-2
97,018;8,311E-2
97,051;8,277E-2
97,085;8,260E-2
97,118;8,200E-2
97,152;8,170E-2
97,185;8,148E-2
97,218;8,105E-2
97,252;8,062E-2
97,285;8,044E-2
97,318;8,002E-2
97,352;7,957E-2
97,385;7,883E-2
97,419;7,804E-2
97,452;7,785E-2
97,485;7,781E-2
97,519;7,662E-2
97,552;7,658E-2
97,585;7,687E-2
97,619;7,649E-2
97,652;7,572E-2
97,686;7,554E-2
97,719;7,476E-2
97,752;7,453E-2
97,786;7,411E-2
97,819;7,387E-2
97,852;7,311E-2
97,886;7,226E-2
97,919;7,213E-2
97,953;7,161E-2
97,986;7,134E-2
98,019;7,101E-2
98,053;7,014E-2
98,086;6,977E-2
98,119;6,944E-2
98,153;6,915E-2
98,186;6,841E-2
98,220;6,810E-2
98,253;6,845E-2
98,286;6,799E-2
98,320;6,732E-2
98,353;6,663E-2
98,386;6,615E-2
98,420;6,584E-2
98,453;6,536E-2
98,487;6,503E-2
98,520;6,429E-2
98,553;6,405E-2
98,587;6,328E-2
98,620;6,275E-2
98,653;6,251E-2
98,687;6,215E-2
98,720;6,143E-2
98,754;6,078E-2
98,787;6,040E-2
98,820;5,991E-2
98,854;5,904E-2
98,887;5,869E-2
98,920;5,777E-2
98,954;5,731E-2
98,987;5,633E-2
99,021;5,591E-2
99,054;5,561E-2
99,087;5,519E-2
99,121;5,445E-2
99,154;5,355E-2
99,187;5,328E-2
99,221;5,285E-2
99,254;5,223E-2
99,288;5,192E-2
99,321;5,106E-2
99,354;5,079E-2
99,388;5,010E-2
99,421;4,914E-2
99,454;4,814E-2
99,488;4,809E-2
99,521;4,701E-2
99,555;4,674E-2
99,588;4,606E-2
99,621;4,558E-2
99,655;4,500E-2
99,688;4,439E-2
99,721;4,367E-2
99,755;4,301E-2
99,788;4,210E-2
99,822;4,142E-2
99,855;4,101E-2
99,888;4,060E-2
99,922;4,008E-2
99,955;3,951E-2
99,988;3,839E-2
100,022;3,765E-2
100,055;3,695E-2
100,089;3,667E-2
100,122;3,592E-2
100,155;3,542E-2
100,189;3,455E-2
100,222;3,381E-2
100,255;3,328E-2
100,289;3,268E-2
100,322;3,191E-2
100,355;3,136E-2
100,389;3,018E-2
100,422;2,967E-2
100,456;2,888E-2
100,489;2,833E-2
100,522;2,761E-2
100,556;2,715E-2
100,589;2,715E-2
100,622;2,644E-2
100,656;2,588E-2
100,689;2,532E-2
100,723;2,461E-2
100,756;2,352E-2
100,789;2,328E-2
100,823;2,257E-2
100,856;2,208E-2
100,889;2,116E-2
100,923;2,073E-2
100,956;2,019E-2
100,990;1,935E-2
101,023;1,844E-2
101,056;1,792E-2
101,090;1,717E-2
101,123;1,642E-2
101,156;1,599E-2
101,190;1,500E-2
101,223;1,430E-2
101,257;1,357E-2
101,290;1,294E-2
101,323;1,246E-2
101,357;1,164E-2
101,390;1,119E-2
101,423;1,052E-2
101,457;9,275E-3
101,490;8,827E-3
101,524;7,967E-3
101,557;7,378E-3
101,590;6,886E-3
101,624;5,968E-3
101,657;5,543E-3
101,690;4,828E-3
101,724;4,574E-3
101,757;3,930E-3
101,791;3,075E-3
101,824;2,424E-3
101,857;2,126E-3
101,891;1,454E-3
101,924;6,003E-4
101,957;-8,391E-5
101,991;-5,292E-4
102,024;-1,262E-3
102,058;-2,240E-3
102,091;-2,729E-3
102,124;-3,216E-3
102,158;-4,025E-3
102,191;-4,428E-3
102,224;-5,094E-3
102,258;-5,644E-3
102,291;-6,608E-3
102,325;-7,158E-3
102,358;-7,856E-3
102,391;-8,155E-3
102,425;-9,071E-3
102,458;-9,479E-3
102,491;-1,016E-2
102,525;-1,112E-2
102,558;-1,148E-2
102,592;-1,244E-2
102,625;-1,256E-2
102,658;-1,320E-2
102,692;-1,387E-2
102,725;-1,469E-2
102,758;-1,535E-2
102,792;-1,601E-2
102,825;-1,653E-2
102,859;-1,720E-2
102,892;-1,792E-2
102,925;-1,833E-2
102,959;-1,887E-2
102,992;-1,957E-2
103,025;-2,006E-2
103,059;-2,115E-2
103,092;-2,162E-2
103,126;-2,204E-2
103,159;-2,278E-2
103,192;-2,365E-2
103,226;-2,445E-2
103,259;-2,469E-2
103,292;-2,533E-2
103,326;-2,601E-2
103,359;-2,616E-2
103,393;-2,718E-2
103,426;-2,719E-2
103,459;-2,799E-2
103,493;-2,873E-2
103,526;-2,929E-2
103,559;-2,965E-2
103,593;-2,948E-2
103,626;-2,994E-2
103,660;-3,051E-2
103,693;-3,109E-2
103,726;-3,158E-2
103,760;-3,230E-2
103,793;-3,283E-2
103,826;-3,331E-2
103,860;-3,375E-2
103,893;-3,434E-2
103,927;-3,491E-2
103,960;-3,542E-2
103,993;-3,596E-2
104,027;-3,653E-2
104,060;-3,713E-2
104,093;-3,780E-2
104,127;-3,819E-2
104,160;-3,830E-2
104,194;-3,909E-2
104,227;-3,949E-2
104,260;-4,006E-2
104,294;-4,033E-2
104,327;-4,085E-2
104,360;-4,114E-2
104,394;-4,188E-2
104,427;-4,197E-2
104,460;-4,271E-2
104,494;-4,302E-2
104,527;-4,318E-2
104,561;-4,395E-2
104,594;-4,417E-2
104,627;-4,425E-2
104,661;-4,476E-2
104,694;-4,505E-2
104,727;-4,573E-2
104,761;-4,618E-2
104,794;-4,630E-2
104,828;-4,665E-2
104,861;-4,709E-2
104,894;-4,744E-2
104,928;-4,785E-2
104,961;-4,815E-2
104,994;-4,849E-2
105,028;-4,899E-2
105,061;-4,928E-2
105,095;-4,945E-2
105,128;-4,986E-2
105,161;-5,009E-2
105,195;-5,040E-2
105,228;-5,051E-2
105,261;-5,092E-2
105,295;-5,104E-2
105,328;-5,168E-2
105,362;-5,173E-2
105,395;-5,224E-2
105,428;-5,258E-2
105,462;-5,317E-2
105,495;-5,357E-2
105,528;-5,356E-2
105,562;-5,396E-2
105,595;-5,410E-2
105,629;-5,434E-2
105,662;-5,454E-2
105,695;-5,464E-2
105,729;-5,506E-2
105,762;-5,519E-2
105,795;-5,546E-2
105,829;-5,542E-2
105,862;-5,570E-2
105,896;-5,582E-2
105,929;-5,599E-2
105,962;-5,615E-2
105,996;-5,671E-2
106,029;-5,690E-2
106,062;-5,710E-2
106,096;-5,709E-2
106,129;-5,727E-2
106,163;-5,726E-2
106,196;-5,735E-2
106,229;-5,756E-2
106,263;-5,794E-2
106,296;-5,811E-2
106,329;-5,811E-2
106,363;-5,826E-2
106,396;-5,846E-2
106,430;-5,846E-2
106,463;-5,839E-2
106,496;-5,855E-2
106,530;-5,911E-2
106,563;-5,904E-2
106,596;-5,897E-2
106,630;-5,900E-2
106,663;-5,912E-2
106,697;-5,906E-2
106,730;-5,905E-2
106,763;-5,903E-2
106,797;-5,924E-2
106,830;-5,933E-2
106,863;-5,943E-2
106,897;-5,943E-2
106,930;-5,945E-2
106,964;-5,949E-2
106,997;-5,944E-2
107,030;-5,945E-2
107,064;-5,952E-2
107,097;-5,951E-2
107,130;-5,949E-2
107,164;-5,951E-2
107,197;-5,946E-2
107,231;-5,946E-2
107,264;-5,946E-2
107,297;-5,945E-2
107,331;-5,940E-2
107,364;-5,942E-2
107,397;-5,944E-2
107,431;-5,945E-2
107,464;-5,929E-2
107,498;-5,932E-2
107,531;-5,925E-2
107,564;-5,934E-2
107,598;-5,929E-2
107,631;-5,933E-2
107,664;-5,923E-2
107,698;-5,923E-2
107,731;-5,918E-2
107,765;-5,899E-2
107,798;-5,887E-2
107,831;-5,872E-2
107,865;-5,829E-2
107,898;-5,816E-2
107,931;-5,822E-2
107,965;-5,809E-2
107,998;-5,793E-2
108,032;-5,795E-2
108,065;-5,764E-2
108,098;-5,750E-2
108,132;-5,721E-2
108,165;-5,694E-2
108,198;-5,684E-2
108,232;-5,665E-2
108,265;-5,637E-2
108,299;-5,620E-2
108,332;-5,597E-2
108,365;-5,570E-2
108,399;-5,568E-2
108,432;-5,551E-2
108,465;-5,535E-2
108,499;-5,486E-2
108,532;-5,461E-2
108,565;-5,433E-2
108,599;-5,417E-2
108,632;-5,374E-2
108,666;-5,360E-2
108,699;-5,320E-2
108,732;-5,312E-2
108,766;-5,290E-2
108,799;-5,237E-2
108,832;-5,185E-2
108,866;-5,154E-2
108,899;-5,129E-2
108,933;-5,129E-2
108,966;-5,086E-2
108,999;-5,054E-2
109,033;-5,012E-2
109,066;-4,990E-2
109,099;-4,944E-2
109,133;-4,930E-2
109,166;-4,873E-2
109,200;-4,861E-2
109,233;-4,817E-2
109,266;-4,774E-2
109,300;-4,747E-2
109,333;-4,692E-2
109,366;-4,685E-2
109,400;-4,623E-2
109,433;-4,584E-2
109,467;-4,565E-2
109,500;-4,540E-2
109,533;-4,512E-2
109,567;-4,475E-2
109,600;-4,431E-2
109,633;-4,394E-2
109,667;-4,355E-2
109,700;-4,328E-2
109,734;-4,287E-2
109,767;-4,231E-2
109,800;-4,200E-2
109,834;-4,150E-2
109,867;-4,114E-2
109,900;-4,080E-2
109,934;-4,037E-2
109,967;-4,001E-2
110,001;-3,958E-2
110,034;-3,913E-2
110,067;-3,851E-2
110,101;-3,830E-2
110,134;-3,778E-2
110,167;-3,727E-2
110,201;-3,680E-2
110,234;-3,635E-2
110,268;-3,585E-2
110,301;-3,535E-2
110,334;-3,475E-2
110,368;-3,435E-2
110,401;-3,383E-2
110,434;-3,335E-2
110,468;-3,256E-2
110,501;-3,202E-2
110,535;-3,174E-2
110,568;-3,122E-2
110,601;-3,066E-2
110,635;-3,018E-2
110,668;-2,954E-2
110,701;-2,880E-2
110,735;-2,838E-2
110,768;-2,771E-2
110,802;-2,715E-2
110,835;-2,651E-2
110,868;-2,584E-2
110,902;-2,539E-2
110,935;-2,479E-2
110,968;-2,448E-2
111,002;-2,387E-2
111,035;-2,338E-2
111,069;-2,281E-2
111,102;-2,224E-2
111,135;-2,158E-2
111,169;-2,107E-2
111,202;-2,046E-2
111,235;-1,985E-2
111,269;-1,917E-2
111,302;-1,872E-2
111,336;-1,833E-2
111,369;-1,779E-2
111,402;-1,722E-2
111,436;-1,656E-2
111,469;-1,609E-2
111,502;-1,546E-2
111,536;-1,494E-2
111,569;-1,435E-2
111,603;-1,393E-2
111,636;-1,343E-2
111,669;-1,295E-2
111,703;-1,224E-2
111,736;-1,176E-2
111,769;-1,115E-2
111,803;-1,056E-2
111,836;-9,933E-3
111,870;-9,392E-3
111,903;-8,732E-3
111,936;-8,292E-3
111,970;-7,535E-3
112,003;-7,184E-3
112,036;-6,400E-3
112,070;-6,120E-3
112,103;-5,473E-3
112,137;-4,916E-3
112,170;-4,291E-3
112,203;-3,693E-3
112,237;-3,104E-3
112,270;-2,556E-3
112,303;-1,909E-3
112,337;-1,394E-3
112,370;-6,703E-4
112,403;-9,751E-5
112,437;6,123E-4
112,470;1,182E-3
112,504;1,853E-3
112,537;2,359E-3
112,570;2,999E-3
112,604;3,575E-3
112,637;4,186E-3
112,670;4,840E-3
112,704;5,426E-3
112,737;6,025E-3
112,771;6,597E-3
112,804;7,336E-3
112,837;7,862E-3
112,871;8,575E-3
112,904;9,076E-3
112,937;9,796E-3
112,971;1,038E-2
113,004;1,105E-2
113,038;1,162E-2
113,071;1,227E-2
113,104;1,284E-2
113,138;1,351E-2
113,171;1,410E-2
113,204;1,460E-2
113,238;1,520E-2
113,271;1,578E-2
113,305;1,643E-2
113,338;1,692E-2
113,371;1,768E-2
113,405;1,807E-2
113,438;1,870E-2
113,471;1,925E-2
113,505;1,982E-2
113,538;2,036E-2
113,572;2,099E-2
113,605;2,158E-2
113,638;2,217E-2
113,672;2,278E-2
113,705;2,320E-2
113,738;2,399E-2
113,772;2,460E-2
113,805;2,521E-2
113,839;2,569E-2
113,872;2,644E-2
113,905;2,684E-2
113,939;2,760E-2
113,972;2,816E-2
114,005;2,884E-2
114,039;2,937E-2
114,072;3,000E-2
114,106;3,060E-2
114,139;3,119E-2
114,172;3,180E-2
114,206;3,236E-2
114,239;3,305E-2
114,272;3,356E-2
114,306;3,416E-2
114,339;3,465E-2
114,373;3,519E-2
114,406;3,576E-2
114,439;3,636E-2
114,473;3,688E-2
114,506;3,753E-2
114,539;3,799E-2
114,573;3,853E-2
114,606;3,910E-2
114,640;3,967E-2
114,673;4,024E-2
114,706;4,081E-2
114,740;4,133E-2
114,773;4,176E-2
114,806;4,243E-2
114,840;4,280E-2
114,873;4,351E-2
114,907;4,407E-2
114,940;4,463E-2
114,973;4,515E-2
115,007;4,566E-2
115,040;4,621E-2
115,073;4,668E-2
115,107;4,725E-2
115,140;4,768E-2
115,174;4,827E-2
115,207;4,880E-2
115,240;4,924E-2
115,274;4,985E-2
115,307;5,033E-2
115,340;5,073E-2
115,374;5,118E-2
115,407;5,180E-2
115,441;5,221E-2
115,474;5,270E-2
115,507;5,320E-2
115,541;5,368E-2
115,574;5,427E-2
115,607;5,454E-2
115,641;5,505E-2
115,674;5,557E-2
115,708;5,607E-2
115,741;5,649E-2
115,774;5,686E-2
115,808;5,741E-2
115,841;5,786E-2
115,874;5,814E-2
115,908;5,865E-2
115,941;5,910E-2
115,975;5,959E-2
116,008;5,996E-2
116,041;6,036E-2
116,075;6,090E-2
116,108;6,119E-2
116,141;6,161E-2
116,175;6,210E-2
116,208;6,241E-2
116,242;6,293E-2
116,275;6,329E-2
116,308;6,366E-2
116,342;6,405E-2
116,375;6,453E-2
116,408;6,484E-2
116,442;6,521E-2
116,475;6,572E-2
116,508;6,604E-2
116,542;6,641E-2
116,575;6,680E-2
116,609;6,719E-2
116,642;6,753E-2
116,675;6,790E-2
116,709;6,831E-2
116,742;6,856E-2
116,775;6,896E-2
116,809;6,928E-2
116,842;6,968E-2
116,876;6,989E-2
116,909;7,031E-2
116,942;7,057E-2
116,976;7,094E-2
117,009;7,113E-2
117,042;7,156E-2
117,076;7,175E-2
117,109;7,216E-2
117,143;7,238E-2
117,176;7,276E-2
117,209;7,291E-2
117,243;7,334E-2
117,276;7,347E-2
117,309;7,380E-2
117,343;7,401E-2
117,376;7,430E-2
117,410;7,454E-2
117,443;7,479E-2
117,476;7,511E-2
117,510;7,528E-2
117,543;7,544E-2
117,576;7,576E-2
117,610;7,594E-2
117,643;7,608E-2
117,677;7,640E-2
117,710;7,653E-2
117,743;7,673E-2
117,777;7,697E-2
117,810;7,712E-2
117,843;7,721E-2
117,877;7,755E-2
117,910;7,770E-2
117,944;7,778E-2
117,977;7,790E-2
118,010;7,815E-2
118,044;7,828E-2
118,077;7,836E-2
118,110;7,844E-2
118,144;7,872E-2
118,177;7,888E-2
118,211;7,896E-2
118,244;7,900E-2
118,277;7,900E-2
118,311;7,911E-2
118,344;7,923E-2
118,377;7,943E-2
118,411;7,945E-2
118,444;7,955E-2
118,478;7,955E-2
118,511;7,963E-2
118,544;7,964E-2
118,578;7,960E-2
118,611;7,973E-2
118,644;7,986E-2
118,678;8,003E-2
118,711;8,004E-2
118,745;8,011E-2
118,778;8,011E-2
118,811;8,014E-2
118,845;8,012E-2
118,878;8,014E-2
118,911;8,012E-2
118,945;8,017E-2
118,978;8,014E-2
119,012;8,013E-2
119,045;8,012E-2
119,078;8,012E-2
119,112;8,011E-2
119,145;8,010E-2
119,178;8,010E-2
119,212;8,007E-2
119,245;8,008E-2
119,279;7,998E-2
119,312;7,999E-2
119,345;7,999E-2
119,379;7,998E-2
119,412;7,990E-2
119,445;7,992E-2
119,479;7,986E-2
119,512;7,974E-2
119,546;7,980E-2
119,579;7,972E-2
119,612;7,973E-2
119,646;7,964E-2
119,679;7,953E-2
119,712;7,936E-2
119,746;7,926E-2
119,779;7,913E-2
119,813;7,909E-2
119,846;7,900E-2
119,879;7,885E-2
119,913;7,870E-2
119,946;7,857E-2
119,979;7,845E-2
120,013;7,836E-2
120,046;7,816E-2
120,080;7,799E-2
120,113;7,783E-2
120,146;7,775E-2
120,180;7,754E-2
120,213;7,735E-2
120,246;7,724E-2
120,280;7,700E-2
120,313;7,669E-2
120,347;7,659E-2
120,380;7,652E-2
120,413;7,625E-2
120,447;7,593E-2
120,480;7,567E-2
120,513;7,538E-2
120,547;7,534E-2
120,580;7,497E-2
120,613;7,481E-2
120,647;7,455E-2
120,680;7,419E-2
120,714;7,405E-2
120,747;7,361E-2
120,780;7,338E-2
120,814;7,313E-2
120,847;7,288E-2
120,880;7,261E-2
120,914;7,227E-2
120,947;7,200E-2
120,981;7,170E-2
121,014;7,139E-2
121,047;7,108E-2
121,081;7,088E-2
121,114;7,057E-2
121,147;7,025E-2
121,181;6,991E-2
121,214;6,961E-2
121,248;6,926E-2
121,281;6,887E-2
121,314;6,858E-2
121,348;6,822E-2
121,381;6,789E-2
121,414;6,742E-2
121,448;6,720E-2
121,481;6,677E-2
121,515;6,651E-2
121,548;6,608E-2
121,581;6,570E-2
121,615;6,524E-2
121,648;6,496E-2
121,681;6,455E-2
121,715;6,425E-2
121,748;6,378E-2
121,782;6,337E-2
121,815;6,303E-2
121,848;6,254E-2
121,882;6,219E-2
121,915;6,175E-2
121,948;6,123E-2
121,982;6,091E-2
122,015;6,044E-2
122,049;6,001E-2
122,082;5,954E-2
122,115;5,927E-2
122,149;5,882E-2
122,182;5,837E-2
122,215;5,794E-2
122,249;5,744E-2
122,282;5,696E-2
122,316;5,654E-2
122,349;5,607E-2
122,382;5,568E-2
122,416;5,504E-2
122,449;5,454E-2
122,482;5,410E-2
122,516;5,366E-2
122,549;5,313E-2
122,583;5,269E-2
122,616;5,217E-2
122,649;5,175E-2
122,683;5,115E-2
122,716;5,071E-2
122,749;5,018E-2
122,783;4,980E-2
122,816;4,919E-2
122,850;4,871E-2
122,883;4,822E-2
122,916;4,765E-2
122,950;4,693E-2
122,983;4,648E-2
123,016;4,602E-2
123,050;4,558E-2
123,083;4,498E-2
123,117;4,445E-2
123,150;4,386E-2
123,183;4,333E-2
123,217;4,270E-2
123,250;4,211E-2
123,283;4,141E-2
123,317;4,096E-2
123,350;4,047E-2
123,384;3,990E-2
123,417;3,941E-2
123,450;3,891E-2
123,484;3,825E-2
123,517;3,773E-2
123,550;3,710E-2
123,584;3,644E-2
123,617;3,600E-2
123,651;3,520E-2
123,684;3,469E-2
123,717;3,408E-2
123,751;3,349E-2
123,784;3,282E-2
123,817;3,231E-2
123,851;3,162E-2
123,884;3,107E-2
123,918;3,038E-2
123,951;2,977E-2
123,984;2,919E-2
124,018;2,861E-2
124,051;2,796E-2
124,084;2,734E-2
124,118;2,673E-2
124,151;2,620E-2
124,185;2,552E-2
124,218;2,492E-2
124,251;2,429E-2
124,285;2,366E-2
124,318;2,304E-2
124,351;2,246E-2
124,385;2,184E-2
124,418;2,127E-2
124,451;2,058E-2
124,485;2,007E-2
124,518;1,942E-2
124,552;1,896E-2
124,585;1,836E-2
124,618;1,790E-2
124,652;1,735E-2
124,685;1,674E-2
124,718;1,619E-2
124,752;1,555E-2
124,785;1,498E-2
124,819;1,441E-2
124,852;1,384E-2
124,885;1,323E-2
124,919;1,262E-2
124,952;1,201E-2
124,985;1,136E-2
125,019;1,077E-2
125,052;1,017E-2
125,086;9,563E-3
125,119;8,949E-3
125,152;8,330E-3
125,186;7,715E-3
125,219;7,112E-3
125,252;6,502E-3
125,286;5,899E-3
125,319;5,272E-3
125,353;4,687E-3
125,386;4,073E-3
125,419;3,467E-3
125,453;3,072E-3
125,486;2,430E-3
125,519;2,027E-3
125,553;1,398E-3
125,586;8,829E-4
125,620;2,810E-4
125,653;-2,688E-4
125,686;-8,490E-4
125,720;-1,472E-3
125,753;-2,044E-3
125,786;-2,666E-3
125,820;-3,278E-3
125,853;-3,899E-3
125,887;-4,370E-3
125,920;-4,821E-3
125,953;-5,427E-3
125,987;-5,856E-3
126,020;-6,695E-3
126,053;-7,010E-3
126,087;-7,676E-3
126,120;-8,220E-3
126,154;-8,813E-3
126,187;-9,276E-3
126,220;-9,974E-3
126,254;-1,025E-2
126,287;-1,081E-2
126,320;-1,131E-2
126,354;-1,192E-2
126,387;-1,247E-2
126,421;-1,306E-2
126,454;-1,348E-2
126,487;-1,397E-2
126,521;-1,441E-2
126,554;-1,502E-2
126,587;-1,559E-2
126,621;-1,614E-2
126,654;-1,641E-2
126,688;-1,709E-2
126,721;-1,748E-2
126,754;-1,814E-2
126,788;-1,870E-2
126,821;-1,908E-2
126,854;-1,957E-2
126,888;-2,006E-2
126,921;-2,064E-2
126,955;-2,129E-2
126,988;-2,164E-2
127,021;-2,221E-2
127,055;-2,253E-2
127,088;-2,297E-2
127,121;-2,342E-2
127,155;-2,389E-2
127,188;-2,447E-2
127,222;-2,481E-2
127,255;-2,524E-2
127,288;-2,581E-2
127,322;-2,618E-2
127,355;-2,678E-2
127,388;-2,728E-2
127,422;-2,773E-2
127,455;-2,807E-2
127,489;-2,851E-2
127,522;-2,894E-2
127,555;-2,943E-2
127,589;-2,983E-2
127,622;-3,043E-2
127,655;-3,083E-2
127,689;-3,124E-2
127,722;-3,181E-2
127,756;-3,204E-2
127,789;-3,240E-2
127,822;-3,285E-2
127,856;-3,331E-2
127,889;-3,384E-2
127,922;-3,408E-2
127,956;-3,463E-2
127,989;-3,497E-2
128,023;-3,545E-2
128,056;-3,591E-2
128,089;-3,615E-2
128,123;-3,652E-2
128,156;-3,711E-2
128,189;-3,748E-2
128,223;-3,792E-2
128,256;-3,828E-2
128,290;-3,842E-2
128,323;-3,894E-2
128,356;-3,937E-2
128,390;-3,958E-2
128,423;-4,009E-2
128,456;-4,031E-2
128,490;-4,077E-2
128,523;-4,111E-2
128,556;-4,153E-2
128,590;-4,184E-2
128,623;-4,224E-2
128,657;-4,239E-2
128,690;-4,285E-2
128,723;-4,314E-2
128,757;-4,340E-2
128,790;-4,373E-2
128,823;-4,400E-2
128,857;-4,431E-2
128,890;-4,455E-2
128,924;-4,486E-2
128,957;-4,513E-2
128,990;-4,545E-2
129,024;-4,546E-2
129,057;-4,582E-2
129,090;-4,616E-2
129,124;-4,644E-2
129,157;-4,656E-2
129,191;-4,667E-2
129,224;-4,729E-2
129,257;-4,748E-2
129,291;-4,765E-2
129,324;-4,795E-2
129,357;-4,828E-2
129,391;-4,842E-2
129,424;-4,854E-2
129,458;-4,864E-2
129,491;-4,887E-2
129,524;-4,909E-2
129,558;-4,936E-2
129,591;-4,953E-2
129,624;-4,975E-2
129,658;-4,984E-2
129,691;-5,001E-2
129,725;-5,024E-2
129,758;-5,057E-2
129,791;-5,072E-2
129,825;-5,083E-2
129,858;-5,097E-2
129,891;-5,107E-2
129,925;-5,113E-2
129,958;-5,129E-2
129,992;-5,156E-2
130,025;-5,188E-2
130,058;-5,199E-2
130,092;-5,200E-2
130,125;-5,207E-2
130,158;-5,223E-2
130,192;-5,232E-2
130,225;-5,233E-2
130,259;-5,231E-2
130,292;-5,289E-2
130,325;-5,290E-2
130,359;-5,298E-2
130,392;-5,303E-2
130,425;-5,300E-2
130,459;-5,296E-2
130,492;-5,295E-2
130,526;-5,294E-2
130,559;-5,308E-2
130,592;-5,322E-2
130,626;-5,325E-2
130,659;-5,326E-2
130,692;-5,325E-2
130,726;-5,327E-2
130,759;-5,325E-2
130,793;-5,337E-2
130,826;-5,337E-2
130,859;-5,334E-2
130,893;-5,332E-2
130,926;-5,331E-2
130,959;-5,338E-2
130,993;-5,335E-2
131,026;-5,336E-2
131,060;-5,336E-2
131,093;-5,334E-2
131,126;-5,333E-2
131,160;-5,333E-2
131,193;-5,333E-2
131,226;-5,319E-2
131,260;-5,328E-2
131,293;-5,319E-2
131,327;-5,321E-2
131,360;-5,318E-2
131,393;-5,320E-2
131,427;-5,309E-2
131,460;-5,312E-2
131,493;-5,316E-2
131,527;-5,306E-2
131,560;-5,305E-2
131,594;-5,277E-2
131,627;-5,265E-2
131,660;-5,249E-2
131,694;-5,245E-2
131,727;-5,229E-2
131,760;-5,211E-2
131,794;-5,197E-2
131,827;-5,197E-2
131,861;-5,192E-2
131,894;-5,168E-2
131,927;-5,152E-2
131,961;-5,144E-2
131,994;-5,127E-2
132,027;-5,126E-2
132,061;-5,101E-2
132,094;-5,084E-2
132,128;-5,072E-2
132,161;-5,059E-2
132,194;-5,051E-2
132,228;-5,022E-2
132,261;-5,005E-2
132,294;-4,966E-2
132,328;-4,962E-2
132,361;-4,917E-2
132,395;-4,896E-2
132,428;-4,895E-2
132,461;-4,882E-2
132,495;-4,841E-2
132,528;-4,825E-2
132,561;-4,799E-2
132,595;-4,778E-2
132,628;-4,753E-2
132,661;-4,742E-2
132,695;-4,698E-2
132,728;-4,692E-2
132,762;-4,671E-2
132,795;-4,650E-2
132,828;-4,601E-2
132,862;-4,572E-2
132,895;-4,566E-2
132,928;-4,531E-2
132,962;-4,509E-2
132,995;-4,475E-2
133,029;-4,448E-2
133,062;-4,442E-2
133,095;-4,389E-2
133,129;-4,376E-2
133,162;-4,336E-2
133,195;-4,311E-2
133,229;-4,266E-2
133,262;-4,232E-2
133,296;-4,210E-2
133,329;-4,163E-2
133,362;-4,136E-2
133,396;-4,099E-2
133,429;-4,051E-2
133,462;-4,020E-2
133,496;-4,018E-2
133,529;-3,975E-2
133,563;-3,926E-2
133,596;-3,905E-2
133,629;-3,863E-2
133,663;-3,826E-2
133,696;-3,772E-2
133,729;-3,738E-2
133,763;-3,698E-2
133,796;-3,655E-2
133,830;-3,602E-2
133,863;-3,565E-2
133,896;-3,543E-2
133,930;-3,495E-2
133,963;-3,458E-2
133,996;-3,413E-2
134,030;-3,350E-2
134,063;-3,305E-2
134,097;-3,273E-2
134,130;-3,224E-2
134,163;-3,191E-2
134,197;-3,152E-2
134,230;-3,091E-2
134,263;-3,060E-2
134,297;-3,006E-2
134,330;-2,958E-2
134,364;-2,907E-2
134,397;-2,850E-2
134,430;-2,816E-2
134,464;-2,762E-2
134,497;-2,718E-2
134,530;-2,658E-2
134,564;-2,644E-2
134,597;-2,606E-2
134,631;-2,572E-2
134,664;-2,509E-2
134,697;-2,467E-2
134,731;-2,423E-2
134,764;-2,362E-2
134,797;-2,331E-2
134,831;-2,280E-2
134,864;-2,219E-2
134,898;-2,171E-2
134,931;-2,129E-2
134,964;-2,079E-2
134,998;-2,052E-2
135,031;-1,986E-2
135,064;-1,953E-2
135,098;-1,886E-2
135,131;-1,847E-2
135,165;-1,778E-2
135,198;-1,730E-2
135,231;-1,667E-2
135,265;-1,621E-2
135,298;-1,556E-2
135,331;-1,511E-2
135,365;-1,477E-2
135,398;-1,412E-2
135,432;-1,372E-2
135,465;-1,319E-2
135,498;-1,268E-2
135,532;-1,245E-2
135,565;-1,152E-2
135,598;-1,109E-2
135,632;-1,018E-2
135,665;-9,899E-3
135,699;-9,116E-3
135,732;-8,532E-3
135,765;-7,950E-3
135,799;-7,400E-3
135,832;-6,970E-3
135,865;-6,359E-3
135,899;-5,986E-3
135,932;-5,275E-3
135,966;-4,933E-3
135,999;-4,178E-3
136,032;-3,765E-3
136,066;-2,972E-3
136,099;-2,400E-3
136,132;-1,623E-3
136,166;-1,318E-3
136,199;-6,003E-4
136,233;-5,809E-5
136,266;5,962E-4
136,299;1,282E-3
136,333;1,768E-3
136,366;2,465E-3
136,399;3,159E-3
136,433;3,677E-3
136,466;4,119E-3
136,499;4,957E-3
136,533;5,444E-3
136,566;6,058E-3
136,600;6,726E-3
136,633;7,389E-3
136,666;7,956E-3
136,700;8,382E-3
136,733;8,873E-3
136,766;9,361E-3
136,800;9,948E-3
136,833;1,054E-2
136,867;1,114E-2
136,900;1,166E-2
136,933;1,226E-2
136,967;1,276E-2
137,000;1,334E-2
137,033;1,390E-2
137,067;1,438E-2
137,100;1,503E-2
137,134;1,554E-2
137,167;1,601E-2
137,200;1,652E-2
137,234;1,699E-2
137,267;1,751E-2
137,300;1,804E-2
137,334;1,863E-2
137,367;1,921E-2
137,401;1,966E-2
137,434;2,024E-2
137,467;2,077E-2
137,501;2,136E-2
137,534;2,194E-2
137,567;2,263E-2
137,601;2,307E-2
137,634;2,367E-2
137,668;2,401E-2
137,701;2,468E-2
137,734;2,520E-2
137,768;2,565E-2
137,801;2,623E-2
137,834;2,683E-2
137,868;2,734E-2
137,901;2,793E-2
137,935;2,834E-2
137,968;2,899E-2
138,001;2,954E-2
138,035;2,997E-2
138,068;3,043E-2
138,101;3,099E-2
138,135;3,152E-2
138,168;3,204E-2
138,202;3,259E-2
138,235;3,302E-2
138,268;3,370E-2
138,302;3,412E-2
138,335;3,468E-2
138,368;3,518E-2
138,402;3,573E-2
138,435;3,619E-2
138,469;3,668E-2
138,502;3,734E-2
138,535;3,780E-2
138,569;3,839E-2
138,602;3,869E-2
138,635;3,932E-2
138,669;3,977E-2
138,702;4,028E-2
138,736;4,081E-2
138,769;4,127E-2
138,802;4,182E-2
138,836;4,217E-2
138,869;4,269E-2
138,902;4,313E-2
138,936;4,364E-2
138,969;4,404E-2
139,003;4,472E-2
139,036;4,523E-2
139,069;4,558E-2
139,103;4,613E-2
139,136;4,659E-2
139,169;4,709E-2
139,203;4,748E-2
139,236;4,789E-2
139,270;4,839E-2
139,303;4,891E-2
139,336;4,931E-2
139,370;4,978E-2
139,403;5,016E-2
139,436;5,069E-2
139,470;5,110E-2
139,503;5,153E-2
139,537;5,199E-2
139,570;5,239E-2
139,603;5,286E-2
139,637;5,320E-2
139,670;5,358E-2
139,703;5,416E-2
139,737;5,449E-2
139,770;5,498E-2
139,804;5,530E-2
139,837;5,589E-2
139,870;5,625E-2
139,904;5,645E-2
139,937;5,688E-2
139,970;5,737E-2
140,004;5,758E-2
140,037;5,808E-2
140,071;5,845E-2
140,104;5,886E-2
140,137;5,930E-2
140,171;5,956E-2
140,204;5,996E-2
140,237;6,039E-2
140,271;6,059E-2
140,304;6,107E-2
140,338;6,121E-2
140,371;6,171E-2
140,404;6,199E-2
140,438;6,236E-2
140,471;6,265E-2
140,504;6,301E-2
140,538;6,349E-2
140,571;6,361E-2
140,604;6,384E-2
140,638;6,441E-2
140,671;6,474E-2
140,705;6,488E-2
140,738;6,525E-2
140,771;6,551E-2
140,805;6,596E-2
140,838;6,606E-2
140,871;6,630E-2
140,905;6,670E-2
140,938;6,699E-2
140,972;6,729E-2
141,005;6,759E-2
141,038;6,783E-2
141,072;6,796E-2
141,105;6,840E-2
141,138;6,851E-2
141,172;6,871E-2
141,205;6,903E-2
141,239;6,934E-2
141,272;6,963E-2
141,305;6,977E-2
141,339;6,988E-2
141,372;7,026E-2
141,405;7,043E-2
141,439;7,064E-2
141,472;7,092E-2
141,506;7,100E-2
141,539;7,105E-2
141,572;7,149E-2
141,606;7,160E-2
141,639;7,177E-2
141,672;7,207E-2
141,706;7,217E-2
141,739;7,225E-2
141,773;7,242E-2
141,806;7,270E-2
141,839;7,279E-2
141,873;7,286E-2
141,906;7,301E-2
141,939;7,330E-2
141,973;7,340E-2
142,006;7,340E-2
142,040;7,349E-2
142,073;7,360E-2
142,106;7,385E-2
142,140;7,398E-2
142,173;7,402E-2
142,206;7,411E-2
142,240;7,410E-2
142,273;7,422E-2
142,307;7,441E-2
142,340;7,452E-2
142,373;7,460E-2
142,407;7,465E-2
142,440;7,463E-2
142,473;7,470E-2
142,507;7,470E-2
142,540;7,467E-2
142,574;7,473E-2
142,607;7,469E-2
142,640;7,480E-2
142,674;7,495E-2
142,707;7,506E-2
142,740;7,510E-2
142,774;7,516E-2
142,807;7,518E-2
142,841;7,519E-2
142,874;7,519E-2
142,907;7,518E-2
142,941;7,518E-2
142,974;7,518E-2
143,007;7,518E-2
143,041;7,518E-2
143,074;7,518E-2
143,108;7,516E-2
143,141;7,516E-2
143,174;7,515E-2
143,208;7,515E-2
143,241;7,509E-2
143,274;7,511E-2
143,308;7,507E-2
143,341;7,505E-2
143,375;7,503E-2
143,408;7,504E-2
143,441;7,494E-2
143,475;7,497E-2
143,508;7,489E-2
143,541;7,479E-2
143,575;7,481E-2
143,608;7,471E-2
143,642;7,454E-2
143,675;7,437E-2
143,708;7,432E-2
143,742;7,418E-2
143,775;7,411E-2
143,808;7,394E-2
143,842;7,380E-2
143,875;7,373E-2
143,909;7,357E-2
143,942;7,344E-2
143,975;7,321E-2
144,009;7,305E-2
144,042;7,286E-2
144,075;7,269E-2
144,109;7,250E-2
144,142;7,236E-2
144,176;7,220E-2
144,209;7,199E-2
144,242;7,184E-2
144,276;7,169E-2
144,309;7,148E-2
144,342;7,124E-2
144,376;7,098E-2
144,409;7,078E-2
144,443;7,058E-2
144,476;7,043E-2
144,509;7,008E-2
144,543;6,980E-2
144,576;6,955E-2
144,609;6,939E-2
144,643;6,911E-2
144,676;6,867E-2
144,709;6,847E-2
144,743;6,828E-2
144,776;6,800E-2
144,810;6,774E-2
144,843;6,736E-2
144,876;6,709E-2
144,910;6,687E-2
144,943;6,667E-2
144,976;6,624E-2
145,010;6,601E-2
145,043;6,573E-2
145,077;6,542E-2
145,110;6,506E-2
145,143;6,477E-2
145,177;6,450E-2
145,210;6,421E-2
145,243;6,384E-2
145,277;6,358E-2
145,310;6,320E-2
145,344;6,292E-2
145,377;6,253E-2
145,410;6,228E-2
145,444;6,184E-2
145,477;6,154E-2
145,510;6,120E-2
145,544;6,084E-2
145,577;6,039E-2
145,611;6,006E-2
145,644;5,975E-2
145,677;5,927E-2
145,711;5,891E-2
145,744;5,866E-2
145,777;5,807E-2
145,811;5,773E-2
145,844;5,744E-2
145,878;5,686E-2
145,911;5,650E-2
145,944;5,610E-2
145,978;5,567E-2
146,011;5,524E-2
146,044;5,492E-2
146,078;5,437E-2
146,111;5,407E-2
146,145;5,365E-2
146,178;5,316E-2
146,211;5,273E-2
146,245;5,241E-2
146,278;5,191E-2
146,311;5,147E-2
146,345;5,106E-2
146,378;5,062E-2
146,412;5,011E-2
146,445;4,961E-2
146,478;4,930E-2
146,512;4,879E-2
146,545;4,828E-2
146,578;4,780E-2
146,612;4,747E-2
146,645;4,697E-2
146,679;4,645E-2
146,712;4,591E-2
146,745;4,550E-2
146,779;4,507E-2
146,812;4,456E-2
146,845;4,401E-2
146,879;4,352E-2
146,912;4,315E-2
146,946;4,268E-2
146,979;4,211E-2
147,012;4,155E-2
147,046;4,103E-2
147,079;4,060E-2
147,112;4,018E-2
147,146;3,965E-2
147,179;3,904E-2
147,213;3,852E-2
147,246;3,809E-2
147,279;3,765E-2
147,313;3,716E-2
147,346;3,656E-2
147,379;3,600E-2
147,413;3,544E-2
147,446;3,503E-2
147,480;3,463E-2
147,513;3,403E-2
147,546;3,352E-2
147,580;3,291E-2
147,613;3,244E-2
147,646;3,187E-2
147,680;3,148E-2
147,713;3,097E-2
147,747;3,041E-2
147,780;2,984E-2
147,813;2,922E-2
147,847;2,872E-2
147,880;2,813E-2
147,913;2,777E-2
147,947;2,726E-2
147,980;2,672E-2
148,014;2,613E-2
148,047;2,553E-2
148,080;2,496E-2
148,114;2,434E-2
148,147;2,389E-2
148,180;2,331E-2
148,214;2,299E-2
148,247;2,234E-2
148,281;2,185E-2
148,314;2,120E-2
148,347;2,067E-2
148,381;2,003E-2
148,414;1,958E-2
148,447;1,906E-2
148,481;1,867E-2
148,514;1,803E-2
148,547;1,753E-2
148,581;1,689E-2
148,614;1,633E-2
148,648;1,574E-2
148,681;1,515E-2
148,714;1,465E-2
148,748;1,414E-2
148,781;1,369E-2
148,814;1,307E-2
148,848;1,265E-2
148,881;1,203E-2
148,915;1,150E-2
148,948;1,090E-2
148,981;1,056E-2
149,015;9,913E-3
149,048;9,391E-3
149,081;8,788E-3
149,115;8,320E-3
149,148;7,733E-3
149,182;7,130E-3
149,215;6,750E-3
149,248;6,049E-3
149,282;5,783E-3
149,315;5,009E-3
149,348;4,581E-3
149,382;4,035E-3
149,415;3,472E-3
149,449;2,894E-3
149,482;2,457E-3
149,515;1,986E-3
149,549;1,537E-3
149,582;9,332E-4
149,615;4,492E-4
149,649;-1,615E-4
149,682;-4,332E-4
149,716;-1,153E-3
149,749;-1,556E-3
149,782;-2,154E-3
149,816;-2,667E-3
149,849;-3,289E-3
149,882;-3,874E-3
149,916;-4,293E-3
149,949;-4,570E-3
149,983;-5,175E-3
150,016;-5,837E-3
150,049;-6,376E-3
150,083;-6,738E-3
150,116;-7,303E-3
150,149;-7,709E-3
150,183;-8,151E-3
150,216;-8,644E-3
150,250;-9,168E-3
150,283;-9,626E-3
150,316;-1,013E-2
150,350;-1,063E-2
150,383;-1,105E-2
150,416;-1,139E-2
150,450;-1,207E-2
150,483;-1,247E-2
150,517;-1,267E-2
150,550;-1,322E-2
150,583;-1,387E-2
150,617;-1,436E-2
150,650;-1,481E-2
150,683;-1,523E-2
150,717;-1,579E-2
150,750;-1,625E-2
150,784;-1,668E-2
150,817;-1,710E-2
150,850;-1,783E-2
150,884;-1,810E-2
150,917;-1,870E-2
150,950;-1,932E-2
150,984;-1,980E-2
151,017;-2,001E-2
151,051;-2,060E-2
151,084;-2,104E-2
151,117;-2,141E-2
151,151;-2,163E-2
151,184;-2,212E-2
151,217;-2,241E-2
151,251;-2,282E-2
151,284;-2,321E-2
151,318;-2,366E-2
151,351;-2,457E-2
151,384;-2,493E-2
151,418;-2,521E-2
151,451;-2,601E-2
151,484;-2,623E-2
151,518;-2,648E-2
151,551;-2,666E-2
151,585;-2,728E-2
151,618;-2,753E-2
151,651;-2,804E-2
151,685;-2,814E-2
151,718;-2,861E-2
151,751;-2,905E-2
151,785;-2,929E-2
151,818;-2,956E-2
151,852;-3,009E-2
151,885;-3,057E-2
151,918;-3,100E-2
151,952;-3,131E-2
151,985;-3,156E-2
152,018;-3,205E-2
152,052;-3,247E-2
152,085;-3,252E-2
152,119;-3,323E-2
152,152;-3,337E-2
152,185;-3,381E-2
152,219;-3,396E-2
152,252;-3,440E-2
152,285;-3,464E-2
152,319;-3,572E-2
152,352;-3,569E-2
152,386;-3,604E-2
152,419;-3,615E-2
152,452;-3,652E-2
152,486;-3,699E-2
152,519;-3,727E-2
152,552;-3,743E-2
152,586;-3,782E-2
152,619;-3,834E-2
152,652;-3,851E-2
152,686;-3,902E-2
152,719;-3,923E-2
152,753;-3,950E-2
152,786;-3,957E-2
152,819;-3,991E-2
152,853;-4,039E-2
152,886;-4,058E-2
152,919;-4,070E-2
152,953;-4,070E-2
152,986;-4,113E-2
153,020;-4,148E-2
153,053;-4,163E-2
153,086;-4,174E-2
153,120;-4,211E-2
153,153;-4,223E-2
153,186;-4,254E-2
153,220;-4,283E-2
153,253;-4,324E-2
153,287;-4,337E-2
153,320;-4,358E-2
153,353;-4,370E-2
153,387;-4,396E-2
153,420;-4,401E-2
153,453;-4,461E-2
153,487;-4,474E-2
153,520;-4,498E-2
153,554;-4,509E-2
153,587;-4,526E-2
153,620;-4,558E-2
153,654;-4,567E-2
153,687;-4,587E-2
153,720;-4,593E-2
153,754;-4,597E-2
153,787;-4,680E-2
153,821;-4,676E-2
153,854;-4,684E-2
153,887;-4,690E-2
153,921;-4,689E-2
153,954;-4,706E-2
153,987;-4,708E-2
154,021;-4,726E-2
154,054;-4,705E-2
154,088;-4,709E-2
154,121;-4,719E-2
154,154;-4,715E-2
154,188;-4,746E-2
154,221;-4,752E-2
154,254;-4,779E-2
154,288;-4,791E-2
154,321;-4,790E-2
154,355;-4,793E-2
154,388;-4,791E-2
154,421;-4,802E-2
154,455;-4,811E-2
154,488;-4,826E-2
154,521;-4,822E-2
154,555;-4,829E-2
154,588;-4,848E-2
154,622;-4,843E-2
154,655;-4,840E-2
154,688;-4,835E-2
154,722;-4,846E-2
154,755;-4,846E-2
154,788;-4,843E-2
154,822;-4,843E-2
154,855;-4,869E-2
154,889;-4,858E-2
154,922;-4,850E-2
154,955;-4,849E-2
154,989;-4,851E-2
155,022;-4,849E-2
155,055;-4,853E-2
155,089;-4,848E-2
155,122;-4,832E-2
155,156;-4,836E-2
155,189;-4,835E-2
155,222;-4,833E-2
155,256;-4,829E-2
155,289;-4,830E-2
155,322;-4,824E-2
155,356;-4,820E-2
155,389;-4,817E-2
155,423;-4,814E-2
155,456;-4,791E-2
155,489;-4,782E-2
155,523;-4,793E-2
155,556;-4,774E-2
155,589;-4,767E-2
155,623;-4,750E-2
155,656;-4,735E-2
155,690;-4,715E-2
155,723;-4,703E-2
155,756;-4,698E-2
155,790;-4,694E-2
155,823;-4,688E-2
155,856;-4,660E-2
155,890;-4,647E-2
155,923;-4,649E-2
155,957;-4,646E-2
155,990;-4,619E-2
156,023;-4,567E-2
156,057;-4,569E-2
156,090;-4,567E-2
156,123;-4,555E-2
156,157;-4,523E-2
156,190;-4,536E-2
156,224;-4,522E-2
156,257;-4,472E-2
156,290;-4,457E-2
156,324;-4,450E-2
156,357;-4,445E-2
156,390;-4,422E-2
156,424;-4,388E-2
156,457;-4,373E-2
156,491;-4,339E-2
156,524;-4,329E-2
156,557;-4,321E-2
156,591;-4,264E-2
156,624;-4,253E-2
156,657;-4,221E-2
156,691;-4,212E-2
156,724;-4,192E-2
156,757;-4,139E-2
156,791;-4,112E-2
156,824;-4,082E-2
156,858;-4,062E-2
156,891;-4,019E-2
156,924;-3,972E-2
156,958;-3,971E-2
156,991;-3,958E-2
157,024;-3,933E-2
157,058;-3,874E-2
157,091;-3,835E-2
157,125;-3,834E-2
157,158;-3,797E-2
157,191;-3,738E-2
157,225;-3,713E-2
157,258;-3,709E-2
157,291;-3,671E-2
157,325;-3,616E-2
157,358;-3,588E-2
157,392;-3,579E-2
157,425;-3,535E-2
157,458;-3,525E-2
157,492;-3,477E-2
157,525;-3,454E-2
157,558;-3,386E-2
157,592;-3,345E-2
157,625;-3,315E-2
157,659;-3,281E-2
157,692;-3,241E-2
157,725;-3,204E-2
157,759;-3,167E-2
157,792;-3,159E-2
157,825;-3,109E-2
157,859;-3,061E-2
157,892;-3,030E-2
157,926;-2,991E-2
157,959;-2,951E-2
157,992;-2,914E-2
158,026;-2,862E-2
158,059;-2,847E-2
158,092;-2,799E-2
158,126;-2,744E-2
158,159;-2,701E-2
158,193;-2,687E-2
158,226;-2,638E-2
158,259;-2,600E-2
158,293;-2,551E-2
158,326;-2,511E-2
158,359;-2,477E-2
158,393;-2,439E-2
158,426;-2,396E-2
158,460;-2,352E-2
158,493;-2,290E-2
158,526;-2,240E-2
158,560;-2,204E-2
158,593;-2,132E-2
158,626;-2,091E-2
158,660;-2,027E-2
158,693;-1,989E-2
158,727;-1,965E-2
158,760;-1,909E-2
158,793;-1,873E-2
158,827;-1,840E-2
158,860;-1,777E-2
158,893;-1,744E-2
158,927;-1,685E-2
158,960;-1,638E-2
158,994;-1,588E-2
159,027;-1,539E-2
159,060;-1,490E-2
159,094;-1,411E-2
159,127;-1,372E-2
